Index,File,Crossings,Runtime
0,random graphs/matuszewski/k_by_10/k2/graph0.lgbin,11,0.006439924240112305
1,random graphs/matuszewski/k_by_10/k2/graph1.lgbin,23,0.006379604339599609
2,random graphs/matuszewski/k_by_10/k2/graph2.lgbin,3,0.0065686702728271484
3,random graphs/matuszewski/k_by_10/k2/graph3.lgbin,11,0.006361484527587891
4,random graphs/matuszewski/k_by_10/k2/graph4.lgbin,18,0.006441831588745117
5,random graphs/matuszewski/k_by_10/k2/graph5.lgbin,8,0.00647735595703125
6,random graphs/matuszewski/k_by_10/k2/graph6.lgbin,9,0.0066967010498046875
7,random graphs/matuszewski/k_by_10/k2/graph7.lgbin,27,0.006548881530761719
8,random graphs/matuszewski/k_by_10/k2/graph8.lgbin,26,0.006514072418212891
9,random graphs/matuszewski/k_by_10/k2/graph9.lgbin,19,0.006478071212768555
10,random graphs/matuszewski/k_by_10/k2/graph10.lgbin,18,0.006396293640136719
11,random graphs/matuszewski/k_by_10/k2/graph11.lgbin,24,0.006607770919799805
12,random graphs/matuszewski/k_by_10/k2/graph12.lgbin,13,0.006268739700317383
13,random graphs/matuszewski/k_by_10/k2/graph13.lgbin,16,0.006453037261962891
14,random graphs/matuszewski/k_by_10/k2/graph14.lgbin,11,0.006414651870727539
15,random graphs/matuszewski/k_by_10/k2/graph15.lgbin,13,0.006794452667236328
16,random graphs/matuszewski/k_by_10/k2/graph16.lgbin,16,0.00684809684753418
17,random graphs/matuszewski/k_by_10/k2/graph17.lgbin,23,0.00679779052734375
18,random graphs/matuszewski/k_by_10/k2/graph18.lgbin,12,0.00676417350769043
19,random graphs/matuszewski/k_by_10/k2/graph19.lgbin,10,0.0065882205963134766
20,random graphs/matuszewski/k_by_10/k2/graph20.lgbin,11,0.0069103240966796875
21,random graphs/matuszewski/k_by_10/k2/graph21.lgbin,10,0.0067882537841796875
22,random graphs/matuszewski/k_by_10/k2/graph22.lgbin,10,0.006741046905517578
23,random graphs/matuszewski/k_by_10/k2/graph23.lgbin,14,0.00680232048034668
24,random graphs/matuszewski/k_by_10/k2/graph24.lgbin,17,0.006797075271606445
25,random graphs/matuszewski/k_by_10/k2/graph25.lgbin,25,0.006651401519775391
26,random graphs/matuszewski/k_by_10/k2/graph26.lgbin,15,0.007004737854003906
27,random graphs/matuszewski/k_by_10/k2/graph27.lgbin,21,0.006834268569946289
28,random graphs/matuszewski/k_by_10/k2/graph28.lgbin,12,0.006746053695678711
29,random graphs/matuszewski/k_by_10/k2/graph29.lgbin,11,0.006948232650756836
30,random graphs/matuszewski/k_by_10/k2/graph30.lgbin,16,0.006800651550292969
31,random graphs/matuszewski/k_by_10/k2/graph31.lgbin,18,0.006795406341552734
32,random graphs/matuszewski/k_by_10/k2/graph32.lgbin,18,0.006904125213623047
33,random graphs/matuszewski/k_by_10/k2/graph33.lgbin,6,0.006858348846435547
34,random graphs/matuszewski/k_by_10/k2/graph34.lgbin,11,0.00698399543762207
35,random graphs/matuszewski/k_by_10/k2/graph35.lgbin,14,0.006917238235473633
36,random graphs/matuszewski/k_by_10/k2/graph36.lgbin,11,0.006782054901123047
37,random graphs/matuszewski/k_by_10/k2/graph37.lgbin,4,0.006869077682495117
38,random graphs/matuszewski/k_by_10/k2/graph38.lgbin,6,0.00696110725402832
39,random graphs/matuszewski/k_by_10/k2/graph39.lgbin,8,0.0070035457611083984
40,random graphs/matuszewski/k_by_10/k2/graph40.lgbin,21,0.006868600845336914
41,random graphs/matuszewski/k_by_10/k2/graph41.lgbin,14,0.006910085678100586
42,random graphs/matuszewski/k_by_10/k2/graph42.lgbin,19,0.006857395172119141
43,random graphs/matuszewski/k_by_10/k2/graph43.lgbin,21,0.006750583648681641
44,random graphs/matuszewski/k_by_10/k2/graph44.lgbin,20,0.006892204284667969
45,random graphs/matuszewski/k_by_10/k2/graph45.lgbin,18,0.006803750991821289
46,random graphs/matuszewski/k_by_10/k2/graph46.lgbin,30,0.0067975521087646484
47,random graphs/matuszewski/k_by_10/k2/graph47.lgbin,16,0.006884098052978516
48,random graphs/matuszewski/k_by_10/k2/graph48.lgbin,12,0.006801128387451172
49,random graphs/matuszewski/k_by_10/k2/graph49.lgbin,10,0.0067386627197265625
50,random graphs/matuszewski/k_by_10/k2/graph50.lgbin,20,0.007088422775268555
51,random graphs/matuszewski/k_by_10/k2/graph51.lgbin,18,0.006742238998413086
52,random graphs/matuszewski/k_by_10/k2/graph52.lgbin,10,0.006816387176513672
53,random graphs/matuszewski/k_by_10/k2/graph53.lgbin,11,0.006982088088989258
54,random graphs/matuszewski/k_by_10/k2/graph54.lgbin,14,0.006767749786376953
55,random graphs/matuszewski/k_by_10/k2/graph55.lgbin,12,0.006853818893432617
56,random graphs/matuszewski/k_by_10/k2/graph56.lgbin,12,0.006902217864990234
57,random graphs/matuszewski/k_by_10/k2/graph57.lgbin,13,0.006893157958984375
58,random graphs/matuszewski/k_by_10/k2/graph58.lgbin,15,0.006811857223510742
59,random graphs/matuszewski/k_by_10/k2/graph59.lgbin,17,0.006872653961181641
60,random graphs/matuszewski/k_by_10/k2/graph60.lgbin,19,0.006940603256225586
61,random graphs/matuszewski/k_by_10/k2/graph61.lgbin,19,0.006874799728393555
62,random graphs/matuszewski/k_by_10/k2/graph62.lgbin,13,0.00702977180480957
63,random graphs/matuszewski/k_by_10/k2/graph63.lgbin,20,0.0067920684814453125
64,random graphs/matuszewski/k_by_10/k2/graph64.lgbin,16,0.006827592849731445
65,random graphs/matuszewski/k_by_10/k2/graph65.lgbin,18,0.006899595260620117
66,random graphs/matuszewski/k_by_10/k2/graph66.lgbin,19,0.006830692291259766
67,random graphs/matuszewski/k_by_10/k2/graph67.lgbin,18,0.006888389587402344
68,random graphs/matuszewski/k_by_10/k2/graph68.lgbin,22,0.006877899169921875
69,random graphs/matuszewski/k_by_10/k2/graph69.lgbin,8,0.0068933963775634766
70,random graphs/matuszewski/k_by_10/k2/graph70.lgbin,13,0.006757020950317383
71,random graphs/matuszewski/k_by_10/k2/graph71.lgbin,10,0.00698542594909668
72,random graphs/matuszewski/k_by_10/k2/graph72.lgbin,11,0.00688624382019043
73,random graphs/matuszewski/k_by_10/k2/graph73.lgbin,23,0.006989002227783203
74,random graphs/matuszewski/k_by_10/k2/graph74.lgbin,8,0.006936311721801758
75,random graphs/matuszewski/k_by_10/k2/graph75.lgbin,16,0.006922721862792969
76,random graphs/matuszewski/k_by_10/k2/graph76.lgbin,8,0.006905078887939453
77,random graphs/matuszewski/k_by_10/k2/graph77.lgbin,24,0.006944179534912109
78,random graphs/matuszewski/k_by_10/k2/graph78.lgbin,14,0.006724119186401367
79,random graphs/matuszewski/k_by_10/k2/graph79.lgbin,12,0.007042646408081055
80,random graphs/matuszewski/k_by_10/k2/graph80.lgbin,14,0.007094621658325195
81,random graphs/matuszewski/k_by_10/k2/graph81.lgbin,17,0.006708860397338867
82,random graphs/matuszewski/k_by_10/k2/graph82.lgbin,17,0.006853342056274414
83,random graphs/matuszewski/k_by_10/k2/graph83.lgbin,12,0.006829023361206055
84,random graphs/matuszewski/k_by_10/k2/graph84.lgbin,15,0.006936311721801758
85,random graphs/matuszewski/k_by_10/k2/graph85.lgbin,17,0.00685882568359375
86,random graphs/matuszewski/k_by_10/k2/graph86.lgbin,12,0.00702667236328125
87,random graphs/matuszewski/k_by_10/k2/graph87.lgbin,18,0.006825447082519531
88,random graphs/matuszewski/k_by_10/k2/graph88.lgbin,23,0.0067670345306396484
89,random graphs/matuszewski/k_by_10/k2/graph89.lgbin,14,0.00700688362121582
90,random graphs/matuszewski/k_by_10/k2/graph90.lgbin,15,0.006738901138305664
91,random graphs/matuszewski/k_by_10/k2/graph91.lgbin,13,0.0069408416748046875
92,random graphs/matuszewski/k_by_10/k2/graph92.lgbin,6,0.006833314895629883
93,random graphs/matuszewski/k_by_10/k2/graph93.lgbin,24,0.006803274154663086
94,random graphs/matuszewski/k_by_10/k2/graph94.lgbin,16,0.006818056106567383
95,random graphs/matuszewski/k_by_10/k2/graph95.lgbin,23,0.006876707077026367
96,random graphs/matuszewski/k_by_10/k2/graph96.lgbin,12,0.006749391555786133
97,random graphs/matuszewski/k_by_10/k2/graph97.lgbin,23,0.006646871566772461
98,random graphs/matuszewski/k_by_10/k2/graph98.lgbin,19,0.007044553756713867
99,random graphs/matuszewski/k_by_10/k2/graph99.lgbin,16,0.00677943229675293
100,random graphs/matuszewski/k_by_10/k3/graph0.lgbin,35,0.01355600357055664
101,random graphs/matuszewski/k_by_10/k3/graph1.lgbin,44,0.01322174072265625
102,random graphs/matuszewski/k_by_10/k3/graph2.lgbin,68,0.014538764953613281
103,random graphs/matuszewski/k_by_10/k3/graph3.lgbin,42,0.013974666595458984
104,random graphs/matuszewski/k_by_10/k3/graph4.lgbin,41,0.013194561004638672
105,random graphs/matuszewski/k_by_10/k3/graph5.lgbin,35,0.01345205307006836
106,random graphs/matuszewski/k_by_10/k3/graph6.lgbin,51,0.013562679290771484
107,random graphs/matuszewski/k_by_10/k3/graph7.lgbin,42,0.01375579833984375
108,random graphs/matuszewski/k_by_10/k3/graph8.lgbin,45,0.01343679428100586
109,random graphs/matuszewski/k_by_10/k3/graph9.lgbin,40,0.013825416564941406
110,random graphs/matuszewski/k_by_10/k3/graph10.lgbin,26,0.013437747955322266
111,random graphs/matuszewski/k_by_10/k3/graph11.lgbin,25,0.013638019561767578
112,random graphs/matuszewski/k_by_10/k3/graph12.lgbin,44,0.013635873794555664
113,random graphs/matuszewski/k_by_10/k3/graph13.lgbin,39,0.01359248161315918
114,random graphs/matuszewski/k_by_10/k3/graph14.lgbin,58,0.013837814331054688
115,random graphs/matuszewski/k_by_10/k3/graph15.lgbin,38,0.013594627380371094
116,random graphs/matuszewski/k_by_10/k3/graph16.lgbin,57,0.01414036750793457
117,random graphs/matuszewski/k_by_10/k3/graph17.lgbin,44,0.013576507568359375
118,random graphs/matuszewski/k_by_10/k3/graph18.lgbin,32,0.013866186141967773
119,random graphs/matuszewski/k_by_10/k3/graph19.lgbin,49,0.013017654418945312
120,random graphs/matuszewski/k_by_10/k3/graph20.lgbin,37,0.01372218132019043
121,random graphs/matuszewski/k_by_10/k3/graph21.lgbin,60,0.013486385345458984
122,random graphs/matuszewski/k_by_10/k3/graph22.lgbin,40,0.013857603073120117
123,random graphs/matuszewski/k_by_10/k3/graph23.lgbin,51,0.013408899307250977
124,random graphs/matuszewski/k_by_10/k3/graph24.lgbin,47,0.014163732528686523
125,random graphs/matuszewski/k_by_10/k3/graph25.lgbin,45,0.01343679428100586
126,random graphs/matuszewski/k_by_10/k3/graph26.lgbin,51,0.01422739028930664
127,random graphs/matuszewski/k_by_10/k3/graph27.lgbin,49,0.013614654541015625
128,random graphs/matuszewski/k_by_10/k3/graph28.lgbin,27,0.013376951217651367
129,random graphs/matuszewski/k_by_10/k3/graph29.lgbin,36,0.013676643371582031
130,random graphs/matuszewski/k_by_10/k3/graph30.lgbin,40,0.013277292251586914
131,random graphs/matuszewski/k_by_10/k3/graph31.lgbin,36,0.013403654098510742
132,random graphs/matuszewski/k_by_10/k3/graph32.lgbin,40,0.01346135139465332
133,random graphs/matuszewski/k_by_10/k3/graph33.lgbin,39,0.013448715209960938
134,random graphs/matuszewski/k_by_10/k3/graph34.lgbin,37,0.013022422790527344
135,random graphs/matuszewski/k_by_10/k3/graph35.lgbin,53,0.013413667678833008
136,random graphs/matuszewski/k_by_10/k3/graph36.lgbin,44,0.013526439666748047
137,random graphs/matuszewski/k_by_10/k3/graph37.lgbin,29,0.013378620147705078
138,random graphs/matuszewski/k_by_10/k3/graph38.lgbin,46,0.013366937637329102
139,random graphs/matuszewski/k_by_10/k3/graph39.lgbin,50,0.01437067985534668
140,random graphs/matuszewski/k_by_10/k3/graph40.lgbin,50,0.01340484619140625
141,random graphs/matuszewski/k_by_10/k3/graph41.lgbin,30,0.013485908508300781
142,random graphs/matuszewski/k_by_10/k3/graph42.lgbin,55,0.013893365859985352
143,random graphs/matuszewski/k_by_10/k3/graph43.lgbin,49,0.013340473175048828
144,random graphs/matuszewski/k_by_10/k3/graph44.lgbin,39,0.013570308685302734
145,random graphs/matuszewski/k_by_10/k3/graph45.lgbin,39,0.013407707214355469
146,random graphs/matuszewski/k_by_10/k3/graph46.lgbin,37,0.01325678825378418
147,random graphs/matuszewski/k_by_10/k3/graph47.lgbin,53,0.013220548629760742
148,random graphs/matuszewski/k_by_10/k3/graph48.lgbin,43,0.013717889785766602
149,random graphs/matuszewski/k_by_10/k3/graph49.lgbin,43,0.013456583023071289
150,random graphs/matuszewski/k_by_10/k3/graph50.lgbin,39,0.013608694076538086
151,random graphs/matuszewski/k_by_10/k3/graph51.lgbin,49,0.013342857360839844
152,random graphs/matuszewski/k_by_10/k3/graph52.lgbin,33,0.013305425643920898
153,random graphs/matuszewski/k_by_10/k3/graph53.lgbin,26,0.013772010803222656
154,random graphs/matuszewski/k_by_10/k3/graph54.lgbin,46,0.013511180877685547
155,random graphs/matuszewski/k_by_10/k3/graph55.lgbin,43,0.0135498046875
156,random graphs/matuszewski/k_by_10/k3/graph56.lgbin,37,0.013285636901855469
157,random graphs/matuszewski/k_by_10/k3/graph57.lgbin,31,0.013539314270019531
158,random graphs/matuszewski/k_by_10/k3/graph58.lgbin,61,0.01339411735534668
159,random graphs/matuszewski/k_by_10/k3/graph59.lgbin,41,0.013660669326782227
160,random graphs/matuszewski/k_by_10/k3/graph60.lgbin,43,0.013551712036132812
161,random graphs/matuszewski/k_by_10/k3/graph61.lgbin,42,0.01363682746887207
162,random graphs/matuszewski/k_by_10/k3/graph62.lgbin,63,0.013414621353149414
163,random graphs/matuszewski/k_by_10/k3/graph63.lgbin,36,0.013750076293945312
164,random graphs/matuszewski/k_by_10/k3/graph64.lgbin,45,0.01350545883178711
165,random graphs/matuszewski/k_by_10/k3/graph65.lgbin,39,0.013625144958496094
166,random graphs/matuszewski/k_by_10/k3/graph66.lgbin,27,0.013945341110229492
167,random graphs/matuszewski/k_by_10/k3/graph67.lgbin,58,0.013164758682250977
168,random graphs/matuszewski/k_by_10/k3/graph68.lgbin,38,0.013698339462280273
169,random graphs/matuszewski/k_by_10/k3/graph69.lgbin,32,0.013403654098510742
170,random graphs/matuszewski/k_by_10/k3/graph70.lgbin,37,0.013184547424316406
171,random graphs/matuszewski/k_by_10/k3/graph71.lgbin,40,0.013392210006713867
172,random graphs/matuszewski/k_by_10/k3/graph72.lgbin,43,0.013744831085205078
173,random graphs/matuszewski/k_by_10/k3/graph73.lgbin,35,0.013374567031860352
174,random graphs/matuszewski/k_by_10/k3/graph74.lgbin,41,0.013325691223144531
175,random graphs/matuszewski/k_by_10/k3/graph75.lgbin,48,0.013760805130004883
176,random graphs/matuszewski/k_by_10/k3/graph76.lgbin,29,0.013526678085327148
177,random graphs/matuszewski/k_by_10/k3/graph77.lgbin,35,0.013460397720336914
178,random graphs/matuszewski/k_by_10/k3/graph78.lgbin,39,0.01370692253112793
179,random graphs/matuszewski/k_by_10/k3/graph79.lgbin,37,0.01334381103515625
180,random graphs/matuszewski/k_by_10/k3/graph80.lgbin,34,0.013594388961791992
181,random graphs/matuszewski/k_by_10/k3/graph81.lgbin,37,0.014156341552734375
182,random graphs/matuszewski/k_by_10/k3/graph82.lgbin,55,0.013850212097167969
183,random graphs/matuszewski/k_by_10/k3/graph83.lgbin,49,0.013466119766235352
184,random graphs/matuszewski/k_by_10/k3/graph84.lgbin,46,0.013830900192260742
185,random graphs/matuszewski/k_by_10/k3/graph85.lgbin,52,0.013742446899414062
186,random graphs/matuszewski/k_by_10/k3/graph86.lgbin,38,0.013384103775024414
187,random graphs/matuszewski/k_by_10/k3/graph87.lgbin,55,0.013970613479614258
188,random graphs/matuszewski/k_by_10/k3/graph88.lgbin,53,0.014067649841308594
189,random graphs/matuszewski/k_by_10/k3/graph89.lgbin,44,0.013525962829589844
190,random graphs/matuszewski/k_by_10/k3/graph90.lgbin,46,0.013616323471069336
191,random graphs/matuszewski/k_by_10/k3/graph91.lgbin,44,0.013256549835205078
192,random graphs/matuszewski/k_by_10/k3/graph92.lgbin,29,0.013474702835083008
193,random graphs/matuszewski/k_by_10/k3/graph93.lgbin,39,0.01356959342956543
194,random graphs/matuszewski/k_by_10/k3/graph94.lgbin,26,0.013621330261230469
195,random graphs/matuszewski/k_by_10/k3/graph95.lgbin,32,0.013446331024169922
196,random graphs/matuszewski/k_by_10/k3/graph96.lgbin,48,0.01372218132019043
197,random graphs/matuszewski/k_by_10/k3/graph97.lgbin,41,0.013247489929199219
198,random graphs/matuszewski/k_by_10/k3/graph98.lgbin,48,0.013508796691894531
199,random graphs/matuszewski/k_by_10/k3/graph99.lgbin,29,0.013375043869018555
200,random graphs/matuszewski/k_by_10/k4/graph0.lgbin,79,0.020404577255249023
201,random graphs/matuszewski/k_by_10/k4/graph1.lgbin,62,0.022228240966796875
202,random graphs/matuszewski/k_by_10/k4/graph2.lgbin,72,0.020386219024658203
203,random graphs/matuszewski/k_by_10/k4/graph3.lgbin,51,0.02016901969909668
204,random graphs/matuszewski/k_by_10/k4/graph4.lgbin,84,0.01995229721069336
205,random graphs/matuszewski/k_by_10/k4/graph5.lgbin,77,0.020728349685668945
206,random graphs/matuszewski/k_by_10/k4/graph6.lgbin,84,0.02045917510986328
207,random graphs/matuszewski/k_by_10/k4/graph7.lgbin,108,0.021220922470092773
208,random graphs/matuszewski/k_by_10/k4/graph8.lgbin,78,0.02101874351501465
209,random graphs/matuszewski/k_by_10/k4/graph9.lgbin,119,0.022243261337280273
210,random graphs/matuszewski/k_by_10/k4/graph10.lgbin,85,0.020458459854125977
211,random graphs/matuszewski/k_by_10/k4/graph11.lgbin,85,0.021074771881103516
212,random graphs/matuszewski/k_by_10/k4/graph12.lgbin,80,0.02249002456665039
213,random graphs/matuszewski/k_by_10/k4/graph13.lgbin,94,0.020835161209106445
214,random graphs/matuszewski/k_by_10/k4/graph14.lgbin,91,0.021796703338623047
215,random graphs/matuszewski/k_by_10/k4/graph15.lgbin,81,0.020174741744995117
216,random graphs/matuszewski/k_by_10/k4/graph16.lgbin,65,0.020249605178833008
217,random graphs/matuszewski/k_by_10/k4/graph17.lgbin,65,0.021423816680908203
218,random graphs/matuszewski/k_by_10/k4/graph18.lgbin,61,0.020342588424682617
219,random graphs/matuszewski/k_by_10/k4/graph19.lgbin,81,0.020212650299072266
220,random graphs/matuszewski/k_by_10/k4/graph20.lgbin,103,0.022709131240844727
221,random graphs/matuszewski/k_by_10/k4/graph21.lgbin,70,0.020643949508666992
222,random graphs/matuszewski/k_by_10/k4/graph22.lgbin,93,0.020937442779541016
223,random graphs/matuszewski/k_by_10/k4/graph23.lgbin,82,0.020974397659301758
224,random graphs/matuszewski/k_by_10/k4/graph24.lgbin,71,0.021157264709472656
225,random graphs/matuszewski/k_by_10/k4/graph25.lgbin,81,0.022674560546875
226,random graphs/matuszewski/k_by_10/k4/graph26.lgbin,74,0.01978302001953125
227,random graphs/matuszewski/k_by_10/k4/graph27.lgbin,74,0.0203094482421875
228,random graphs/matuszewski/k_by_10/k4/graph28.lgbin,91,0.02026820182800293
229,random graphs/matuszewski/k_by_10/k4/graph29.lgbin,58,0.01981377601623535
230,random graphs/matuszewski/k_by_10/k4/graph30.lgbin,68,0.020641565322875977
231,random graphs/matuszewski/k_by_10/k4/graph31.lgbin,86,0.020923614501953125
232,random graphs/matuszewski/k_by_10/k4/graph32.lgbin,55,0.020697355270385742
233,random graphs/matuszewski/k_by_10/k4/graph33.lgbin,74,0.021041154861450195
234,random graphs/matuszewski/k_by_10/k4/graph34.lgbin,77,0.02037358283996582
235,random graphs/matuszewski/k_by_10/k4/graph35.lgbin,75,0.020391225814819336
236,random graphs/matuszewski/k_by_10/k4/graph36.lgbin,79,0.01982569694519043
237,random graphs/matuszewski/k_by_10/k4/graph37.lgbin,70,0.020065784454345703
238,random graphs/matuszewski/k_by_10/k4/graph38.lgbin,75,0.02104353904724121
239,random graphs/matuszewski/k_by_10/k4/graph39.lgbin,77,0.021183252334594727
240,random graphs/matuszewski/k_by_10/k4/graph40.lgbin,75,0.020780086517333984
241,random graphs/matuszewski/k_by_10/k4/graph41.lgbin,84,0.0205690860748291
242,random graphs/matuszewski/k_by_10/k4/graph42.lgbin,78,0.020221710205078125
243,random graphs/matuszewski/k_by_10/k4/graph43.lgbin,64,0.020990371704101562
244,random graphs/matuszewski/k_by_10/k4/graph44.lgbin,74,0.02453136444091797
245,random graphs/matuszewski/k_by_10/k4/graph45.lgbin,83,0.02025151252746582
246,random graphs/matuszewski/k_by_10/k4/graph46.lgbin,72,0.020163536071777344
247,random graphs/matuszewski/k_by_10/k4/graph47.lgbin,111,0.02249598503112793
248,random graphs/matuszewski/k_by_10/k4/graph48.lgbin,64,0.020179271697998047
249,random graphs/matuszewski/k_by_10/k4/graph49.lgbin,64,0.020466327667236328
250,random graphs/matuszewski/k_by_10/k4/graph50.lgbin,79,0.021010875701904297
251,random graphs/matuszewski/k_by_10/k4/graph51.lgbin,81,0.02063918113708496
252,random graphs/matuszewski/k_by_10/k4/graph52.lgbin,75,0.020607709884643555
253,random graphs/matuszewski/k_by_10/k4/graph53.lgbin,102,0.0212404727935791
254,random graphs/matuszewski/k_by_10/k4/graph54.lgbin,99,0.022208213806152344
255,random graphs/matuszewski/k_by_10/k4/graph55.lgbin,87,0.02123546600341797
256,random graphs/matuszewski/k_by_10/k4/graph56.lgbin,74,0.019954919815063477
257,random graphs/matuszewski/k_by_10/k4/graph57.lgbin,94,0.02078104019165039
258,random graphs/matuszewski/k_by_10/k4/graph58.lgbin,74,0.02016735076904297
259,random graphs/matuszewski/k_by_10/k4/graph59.lgbin,84,0.021875619888305664
260,random graphs/matuszewski/k_by_10/k4/graph60.lgbin,85,0.021119117736816406
261,random graphs/matuszewski/k_by_10/k4/graph61.lgbin,84,0.02063894271850586
262,random graphs/matuszewski/k_by_10/k4/graph62.lgbin,81,0.023076295852661133
263,random graphs/matuszewski/k_by_10/k4/graph63.lgbin,78,0.020449399948120117
264,random graphs/matuszewski/k_by_10/k4/graph64.lgbin,80,0.02007150650024414
265,random graphs/matuszewski/k_by_10/k4/graph65.lgbin,61,0.021894216537475586
266,random graphs/matuszewski/k_by_10/k4/graph66.lgbin,79,0.020562410354614258
267,random graphs/matuszewski/k_by_10/k4/graph67.lgbin,89,0.020755767822265625
268,random graphs/matuszewski/k_by_10/k4/graph68.lgbin,91,0.020679712295532227
269,random graphs/matuszewski/k_by_10/k4/graph69.lgbin,78,0.02010321617126465
270,random graphs/matuszewski/k_by_10/k4/graph70.lgbin,62,0.020265817642211914
271,random graphs/matuszewski/k_by_10/k4/graph71.lgbin,73,0.020169973373413086
272,random graphs/matuszewski/k_by_10/k4/graph72.lgbin,75,0.019963741302490234
273,random graphs/matuszewski/k_by_10/k4/graph73.lgbin,73,0.020772457122802734
274,random graphs/matuszewski/k_by_10/k4/graph74.lgbin,51,0.020352602005004883
275,random graphs/matuszewski/k_by_10/k4/graph75.lgbin,103,0.02010822296142578
276,random graphs/matuszewski/k_by_10/k4/graph76.lgbin,66,0.019875288009643555
277,random graphs/matuszewski/k_by_10/k4/graph77.lgbin,91,0.020892858505249023
278,random graphs/matuszewski/k_by_10/k4/graph78.lgbin,72,0.020195960998535156
279,random graphs/matuszewski/k_by_10/k4/graph79.lgbin,75,0.020267963409423828
280,random graphs/matuszewski/k_by_10/k4/graph80.lgbin,107,0.02209162712097168
281,random graphs/matuszewski/k_by_10/k4/graph81.lgbin,66,0.020101308822631836
282,random graphs/matuszewski/k_by_10/k4/graph82.lgbin,101,0.021384716033935547
283,random graphs/matuszewski/k_by_10/k4/graph83.lgbin,87,0.021981477737426758
284,random graphs/matuszewski/k_by_10/k4/graph84.lgbin,78,0.020969152450561523
285,random graphs/matuszewski/k_by_10/k4/graph85.lgbin,69,0.020882129669189453
286,random graphs/matuszewski/k_by_10/k4/graph86.lgbin,82,0.01988053321838379
287,random graphs/matuszewski/k_by_10/k4/graph87.lgbin,63,0.020795583724975586
288,random graphs/matuszewski/k_by_10/k4/graph88.lgbin,67,0.020056962966918945
289,random graphs/matuszewski/k_by_10/k4/graph89.lgbin,62,0.020535945892333984
290,random graphs/matuszewski/k_by_10/k4/graph90.lgbin,66,0.02026987075805664
291,random graphs/matuszewski/k_by_10/k4/graph91.lgbin,61,0.020881175994873047
292,random graphs/matuszewski/k_by_10/k4/graph92.lgbin,71,0.02028369903564453
293,random graphs/matuszewski/k_by_10/k4/graph93.lgbin,66,0.019981861114501953
294,random graphs/matuszewski/k_by_10/k4/graph94.lgbin,72,0.019667863845825195
295,random graphs/matuszewski/k_by_10/k4/graph95.lgbin,68,0.0214388370513916
296,random graphs/matuszewski/k_by_10/k4/graph96.lgbin,88,0.02118539810180664
297,random graphs/matuszewski/k_by_10/k4/graph97.lgbin,87,0.021413564682006836
298,random graphs/matuszewski/k_by_10/k4/graph98.lgbin,56,0.0205686092376709
299,random graphs/matuszewski/k_by_10/k4/graph99.lgbin,62,0.020177364349365234
300,random graphs/matuszewski/k_by_10/k5/graph0.lgbin,123,0.02721691131591797
301,random graphs/matuszewski/k_by_10/k5/graph1.lgbin,105,0.026008129119873047
302,random graphs/matuszewski/k_by_10/k5/graph2.lgbin,88,0.026997804641723633
303,random graphs/matuszewski/k_by_10/k5/graph3.lgbin,120,0.027068376541137695
304,random graphs/matuszewski/k_by_10/k5/graph4.lgbin,115,0.026751041412353516
305,random graphs/matuszewski/k_by_10/k5/graph5.lgbin,122,0.028688907623291016
306,random graphs/matuszewski/k_by_10/k5/graph6.lgbin,94,0.027139902114868164
307,random graphs/matuszewski/k_by_10/k5/graph7.lgbin,117,0.02681708335876465
308,random graphs/matuszewski/k_by_10/k5/graph8.lgbin,82,0.027225255966186523
309,random graphs/matuszewski/k_by_10/k5/graph9.lgbin,103,0.026299715042114258
310,random graphs/matuszewski/k_by_10/k5/graph10.lgbin,130,0.02747178077697754
311,random graphs/matuszewski/k_by_10/k5/graph11.lgbin,110,0.027328014373779297
312,random graphs/matuszewski/k_by_10/k5/graph12.lgbin,115,0.026348352432250977
313,random graphs/matuszewski/k_by_10/k5/graph13.lgbin,96,0.027704238891601562
314,random graphs/matuszewski/k_by_10/k5/graph14.lgbin,126,0.026376008987426758
315,random graphs/matuszewski/k_by_10/k5/graph15.lgbin,97,0.026760339736938477
316,random graphs/matuszewski/k_by_10/k5/graph16.lgbin,92,0.027484655380249023
317,random graphs/matuszewski/k_by_10/k5/graph17.lgbin,121,0.028139591217041016
318,random graphs/matuszewski/k_by_10/k5/graph18.lgbin,119,0.027528047561645508
319,random graphs/matuszewski/k_by_10/k5/graph19.lgbin,90,0.02732682228088379
320,random graphs/matuszewski/k_by_10/k5/graph20.lgbin,98,0.028248071670532227
321,random graphs/matuszewski/k_by_10/k5/graph21.lgbin,103,0.027011632919311523
322,random graphs/matuszewski/k_by_10/k5/graph22.lgbin,110,0.02656698226928711
323,random graphs/matuszewski/k_by_10/k5/graph23.lgbin,138,0.02868342399597168
324,random graphs/matuszewski/k_by_10/k5/graph24.lgbin,98,0.027096033096313477
325,random graphs/matuszewski/k_by_10/k5/graph25.lgbin,97,0.026694059371948242
326,random graphs/matuszewski/k_by_10/k5/graph26.lgbin,104,0.026545047760009766
327,random graphs/matuszewski/k_by_10/k5/graph27.lgbin,98,0.02778458595275879
328,random graphs/matuszewski/k_by_10/k5/graph28.lgbin,68,0.02664923667907715
329,random graphs/matuszewski/k_by_10/k5/graph29.lgbin,102,0.027423620223999023
330,random graphs/matuszewski/k_by_10/k5/graph30.lgbin,123,0.028208255767822266
331,random graphs/matuszewski/k_by_10/k5/graph31.lgbin,102,0.026599407196044922
332,random graphs/matuszewski/k_by_10/k5/graph32.lgbin,101,0.027486801147460938
333,random graphs/matuszewski/k_by_10/k5/graph33.lgbin,104,0.02755880355834961
334,random graphs/matuszewski/k_by_10/k5/graph34.lgbin,156,0.02962636947631836
335,random graphs/matuszewski/k_by_10/k5/graph35.lgbin,102,0.027029037475585938
336,random graphs/matuszewski/k_by_10/k5/graph36.lgbin,110,0.027654647827148438
337,random graphs/matuszewski/k_by_10/k5/graph37.lgbin,110,0.028119325637817383
338,random graphs/matuszewski/k_by_10/k5/graph38.lgbin,121,0.028925418853759766
339,random graphs/matuszewski/k_by_10/k5/graph39.lgbin,117,0.0269620418548584
340,random graphs/matuszewski/k_by_10/k5/graph40.lgbin,106,0.027074575424194336
341,random graphs/matuszewski/k_by_10/k5/graph41.lgbin,113,0.02670454978942871
342,random graphs/matuszewski/k_by_10/k5/graph42.lgbin,113,0.02614569664001465
343,random graphs/matuszewski/k_by_10/k5/graph43.lgbin,108,0.026567935943603516
344,random graphs/matuszewski/k_by_10/k5/graph44.lgbin,133,0.02787494659423828
345,random graphs/matuszewski/k_by_10/k5/graph45.lgbin,121,0.02683424949645996
346,random graphs/matuszewski/k_by_10/k5/graph46.lgbin,113,0.02718949317932129
347,random graphs/matuszewski/k_by_10/k5/graph47.lgbin,97,0.02794671058654785
348,random graphs/matuszewski/k_by_10/k5/graph48.lgbin,97,0.026689529418945312
349,random graphs/matuszewski/k_by_10/k5/graph49.lgbin,136,0.02769327163696289
350,random graphs/matuszewski/k_by_10/k5/graph50.lgbin,146,0.0294191837310791
351,random graphs/matuszewski/k_by_10/k5/graph51.lgbin,110,0.026498079299926758
352,random graphs/matuszewski/k_by_10/k5/graph52.lgbin,129,0.027946949005126953
353,random graphs/matuszewski/k_by_10/k5/graph53.lgbin,108,0.027727842330932617
354,random graphs/matuszewski/k_by_10/k5/graph54.lgbin,141,0.027917146682739258
355,random graphs/matuszewski/k_by_10/k5/graph55.lgbin,138,0.02931952476501465
356,random graphs/matuszewski/k_by_10/k5/graph56.lgbin,126,0.027047395706176758
357,random graphs/matuszewski/k_by_10/k5/graph57.lgbin,136,0.028194189071655273
358,random graphs/matuszewski/k_by_10/k5/graph58.lgbin,124,0.026273727416992188
359,random graphs/matuszewski/k_by_10/k5/graph59.lgbin,118,0.02798771858215332
360,random graphs/matuszewski/k_by_10/k5/graph60.lgbin,113,0.027486801147460938
361,random graphs/matuszewski/k_by_10/k5/graph61.lgbin,126,0.02778911590576172
362,random graphs/matuszewski/k_by_10/k5/graph62.lgbin,134,0.028921842575073242
363,random graphs/matuszewski/k_by_10/k5/graph63.lgbin,155,0.030068159103393555
364,random graphs/matuszewski/k_by_10/k5/graph64.lgbin,116,0.02720046043395996
365,random graphs/matuszewski/k_by_10/k5/graph65.lgbin,115,0.027641773223876953
366,random graphs/matuszewski/k_by_10/k5/graph66.lgbin,84,0.026698589324951172
367,random graphs/matuszewski/k_by_10/k5/graph67.lgbin,85,0.0278780460357666
368,random graphs/matuszewski/k_by_10/k5/graph68.lgbin,104,0.026898622512817383
369,random graphs/matuszewski/k_by_10/k5/graph69.lgbin,122,0.027329444885253906
370,random graphs/matuszewski/k_by_10/k5/graph70.lgbin,116,0.028148412704467773
371,random graphs/matuszewski/k_by_10/k5/graph71.lgbin,138,0.028232097625732422
372,random graphs/matuszewski/k_by_10/k5/graph72.lgbin,126,0.02779388427734375
373,random graphs/matuszewski/k_by_10/k5/graph73.lgbin,92,0.027062177658081055
374,random graphs/matuszewski/k_by_10/k5/graph74.lgbin,108,0.02747941017150879
375,random graphs/matuszewski/k_by_10/k5/graph75.lgbin,129,0.028319835662841797
376,random graphs/matuszewski/k_by_10/k5/graph76.lgbin,114,0.027957439422607422
377,random graphs/matuszewski/k_by_10/k5/graph77.lgbin,129,0.027276039123535156
378,random graphs/matuszewski/k_by_10/k5/graph78.lgbin,100,0.027393817901611328
379,random graphs/matuszewski/k_by_10/k5/graph79.lgbin,105,0.028827905654907227
380,random graphs/matuszewski/k_by_10/k5/graph80.lgbin,103,0.026804685592651367
381,random graphs/matuszewski/k_by_10/k5/graph81.lgbin,141,0.032765865325927734
382,random graphs/matuszewski/k_by_10/k5/graph82.lgbin,127,0.02859330177307129
383,random graphs/matuszewski/k_by_10/k5/graph83.lgbin,113,0.027601003646850586
384,random graphs/matuszewski/k_by_10/k5/graph84.lgbin,116,0.0268557071685791
385,random graphs/matuszewski/k_by_10/k5/graph85.lgbin,107,0.027822494506835938
386,random graphs/matuszewski/k_by_10/k5/graph86.lgbin,142,0.02895045280456543
387,random graphs/matuszewski/k_by_10/k5/graph87.lgbin,101,0.02636265754699707
388,random graphs/matuszewski/k_by_10/k5/graph88.lgbin,117,0.02721691131591797
389,random graphs/matuszewski/k_by_10/k5/graph89.lgbin,127,0.02729034423828125
390,random graphs/matuszewski/k_by_10/k5/graph90.lgbin,144,0.027245521545410156
391,random graphs/matuszewski/k_by_10/k5/graph91.lgbin,93,0.026814699172973633
392,random graphs/matuszewski/k_by_10/k5/graph92.lgbin,108,0.02879190444946289
393,random graphs/matuszewski/k_by_10/k5/graph93.lgbin,133,0.028233766555786133
394,random graphs/matuszewski/k_by_10/k5/graph94.lgbin,124,0.026514768600463867
395,random graphs/matuszewski/k_by_10/k5/graph95.lgbin,140,0.02900862693786621
396,random graphs/matuszewski/k_by_10/k5/graph96.lgbin,117,0.026631832122802734
397,random graphs/matuszewski/k_by_10/k5/graph97.lgbin,139,0.0276947021484375
398,random graphs/matuszewski/k_by_10/k5/graph98.lgbin,89,0.027481555938720703
399,random graphs/matuszewski/k_by_10/k5/graph99.lgbin,104,0.026905298233032227
400,random graphs/matuszewski/k_by_10/k6/graph0.lgbin,155,0.03536224365234375
401,random graphs/matuszewski/k_by_10/k6/graph1.lgbin,176,0.034088850021362305
402,random graphs/matuszewski/k_by_10/k6/graph2.lgbin,152,0.03458046913146973
403,random graphs/matuszewski/k_by_10/k6/graph3.lgbin,155,0.03403115272521973
404,random graphs/matuszewski/k_by_10/k6/graph4.lgbin,163,0.03500533103942871
405,random graphs/matuszewski/k_by_10/k6/graph5.lgbin,187,0.03557562828063965
406,random graphs/matuszewski/k_by_10/k6/graph6.lgbin,140,0.0347442626953125
407,random graphs/matuszewski/k_by_10/k6/graph7.lgbin,140,0.03337383270263672
408,random graphs/matuszewski/k_by_10/k6/graph8.lgbin,166,0.03622913360595703
409,random graphs/matuszewski/k_by_10/k6/graph9.lgbin,162,0.03474903106689453
410,random graphs/matuszewski/k_by_10/k6/graph10.lgbin,184,0.03348731994628906
411,random graphs/matuszewski/k_by_10/k6/graph11.lgbin,150,0.03398728370666504
412,random graphs/matuszewski/k_by_10/k6/graph12.lgbin,139,0.034522056579589844
413,random graphs/matuszewski/k_by_10/k6/graph13.lgbin,142,0.033933401107788086
414,random graphs/matuszewski/k_by_10/k6/graph14.lgbin,132,0.03476428985595703
415,random graphs/matuszewski/k_by_10/k6/graph15.lgbin,153,0.03309774398803711
416,random graphs/matuszewski/k_by_10/k6/graph16.lgbin,169,0.03465890884399414
417,random graphs/matuszewski/k_by_10/k6/graph17.lgbin,134,0.03380417823791504
418,random graphs/matuszewski/k_by_10/k6/graph18.lgbin,117,0.0326838493347168
419,random graphs/matuszewski/k_by_10/k6/graph19.lgbin,147,0.03304123878479004
420,random graphs/matuszewski/k_by_10/k6/graph20.lgbin,135,0.03256106376647949
421,random graphs/matuszewski/k_by_10/k6/graph21.lgbin,162,0.03543806076049805
422,random graphs/matuszewski/k_by_10/k6/graph22.lgbin,185,0.036420345306396484
423,random graphs/matuszewski/k_by_10/k6/graph23.lgbin,139,0.03513956069946289
424,random graphs/matuszewski/k_by_10/k6/graph24.lgbin,140,0.033418893814086914
425,random graphs/matuszewski/k_by_10/k6/graph25.lgbin,180,0.03438401222229004
426,random graphs/matuszewski/k_by_10/k6/graph26.lgbin,168,0.03310871124267578
427,random graphs/matuszewski/k_by_10/k6/graph27.lgbin,183,0.03403019905090332
428,random graphs/matuszewski/k_by_10/k6/graph28.lgbin,177,0.03553581237792969
429,random graphs/matuszewski/k_by_10/k6/graph29.lgbin,133,0.03271651268005371
430,random graphs/matuszewski/k_by_10/k6/graph30.lgbin,149,0.034397125244140625
431,random graphs/matuszewski/k_by_10/k6/graph31.lgbin,168,0.033181190490722656
432,random graphs/matuszewski/k_by_10/k6/graph32.lgbin,100,0.03407406806945801
433,random graphs/matuszewski/k_by_10/k6/graph33.lgbin,182,0.03536105155944824
434,random graphs/matuszewski/k_by_10/k6/graph34.lgbin,119,0.03459334373474121
435,random graphs/matuszewski/k_by_10/k6/graph35.lgbin,152,0.032476186752319336
436,random graphs/matuszewski/k_by_10/k6/graph36.lgbin,159,0.03441643714904785
437,random graphs/matuszewski/k_by_10/k6/graph37.lgbin,146,0.0335848331451416
438,random graphs/matuszewski/k_by_10/k6/graph38.lgbin,129,0.0331265926361084
439,random graphs/matuszewski/k_by_10/k6/graph39.lgbin,149,0.034211158752441406
440,random graphs/matuszewski/k_by_10/k6/graph40.lgbin,140,0.03361821174621582
441,random graphs/matuszewski/k_by_10/k6/graph41.lgbin,153,0.03435492515563965
442,random graphs/matuszewski/k_by_10/k6/graph42.lgbin,123,0.032854318618774414
443,random graphs/matuszewski/k_by_10/k6/graph43.lgbin,125,0.03331947326660156
444,random graphs/matuszewski/k_by_10/k6/graph44.lgbin,155,0.03454899787902832
445,random graphs/matuszewski/k_by_10/k6/graph45.lgbin,162,0.03578305244445801
446,random graphs/matuszewski/k_by_10/k6/graph46.lgbin,138,0.03556704521179199
447,random graphs/matuszewski/k_by_10/k6/graph47.lgbin,159,0.03373861312866211
448,random graphs/matuszewski/k_by_10/k6/graph48.lgbin,140,0.03331613540649414
449,random graphs/matuszewski/k_by_10/k6/graph49.lgbin,157,0.03334665298461914
450,random graphs/matuszewski/k_by_10/k6/graph50.lgbin,178,0.03269505500793457
451,random graphs/matuszewski/k_by_10/k6/graph51.lgbin,139,0.03541707992553711
452,random graphs/matuszewski/k_by_10/k6/graph52.lgbin,148,0.03470587730407715
453,random graphs/matuszewski/k_by_10/k6/graph53.lgbin,173,0.033811330795288086
454,random graphs/matuszewski/k_by_10/k6/graph54.lgbin,121,0.03776812553405762
455,random graphs/matuszewski/k_by_10/k6/graph55.lgbin,141,0.03389787673950195
456,random graphs/matuszewski/k_by_10/k6/graph56.lgbin,150,0.03387022018432617
457,random graphs/matuszewski/k_by_10/k6/graph57.lgbin,169,0.03320789337158203
458,random graphs/matuszewski/k_by_10/k6/graph58.lgbin,156,0.0332794189453125
459,random graphs/matuszewski/k_by_10/k6/graph59.lgbin,152,0.03389143943786621
460,random graphs/matuszewski/k_by_10/k6/graph60.lgbin,155,0.0335080623626709
461,random graphs/matuszewski/k_by_10/k6/graph61.lgbin,134,0.032521724700927734
462,random graphs/matuszewski/k_by_10/k6/graph62.lgbin,153,0.033651113510131836
463,random graphs/matuszewski/k_by_10/k6/graph63.lgbin,132,0.033312320709228516
464,random graphs/matuszewski/k_by_10/k6/graph64.lgbin,155,0.0331578254699707
465,random graphs/matuszewski/k_by_10/k6/graph65.lgbin,121,0.03388547897338867
466,random graphs/matuszewski/k_by_10/k6/graph66.lgbin,181,0.03443002700805664
467,random graphs/matuszewski/k_by_10/k6/graph67.lgbin,144,0.033095359802246094
468,random graphs/matuszewski/k_by_10/k6/graph68.lgbin,156,0.03404045104980469
469,random graphs/matuszewski/k_by_10/k6/graph69.lgbin,145,0.03296184539794922
470,random graphs/matuszewski/k_by_10/k6/graph70.lgbin,162,0.033316850662231445
471,random graphs/matuszewski/k_by_10/k6/graph71.lgbin,148,0.03477048873901367
472,random graphs/matuszewski/k_by_10/k6/graph72.lgbin,144,0.03320002555847168
473,random graphs/matuszewski/k_by_10/k6/graph73.lgbin,146,0.03346085548400879
474,random graphs/matuszewski/k_by_10/k6/graph74.lgbin,151,0.033254384994506836
475,random graphs/matuszewski/k_by_10/k6/graph75.lgbin,141,0.03431296348571777
476,random graphs/matuszewski/k_by_10/k6/graph76.lgbin,152,0.03310394287109375
477,random graphs/matuszewski/k_by_10/k6/graph77.lgbin,136,0.03446650505065918
478,random graphs/matuszewski/k_by_10/k6/graph78.lgbin,175,0.03584027290344238
479,random graphs/matuszewski/k_by_10/k6/graph79.lgbin,161,0.033211708068847656
480,random graphs/matuszewski/k_by_10/k6/graph80.lgbin,130,0.0334470272064209
481,random graphs/matuszewski/k_by_10/k6/graph81.lgbin,155,0.03398633003234863
482,random graphs/matuszewski/k_by_10/k6/graph82.lgbin,154,0.03365755081176758
483,random graphs/matuszewski/k_by_10/k6/graph83.lgbin,155,0.03469038009643555
484,random graphs/matuszewski/k_by_10/k6/graph84.lgbin,150,0.03396320343017578
485,random graphs/matuszewski/k_by_10/k6/graph85.lgbin,135,0.03419637680053711
486,random graphs/matuszewski/k_by_10/k6/graph86.lgbin,186,0.0355837345123291
487,random graphs/matuszewski/k_by_10/k6/graph87.lgbin,147,0.034806013107299805
488,random graphs/matuszewski/k_by_10/k6/graph88.lgbin,161,0.03403043746948242
489,random graphs/matuszewski/k_by_10/k6/graph89.lgbin,129,0.033838748931884766
490,random graphs/matuszewski/k_by_10/k6/graph90.lgbin,151,0.033987998962402344
491,random graphs/matuszewski/k_by_10/k6/graph91.lgbin,152,0.03612685203552246
492,random graphs/matuszewski/k_by_10/k6/graph92.lgbin,149,0.03452563285827637
493,random graphs/matuszewski/k_by_10/k6/graph93.lgbin,130,0.033208370208740234
494,random graphs/matuszewski/k_by_10/k6/graph94.lgbin,177,0.035747528076171875
495,random graphs/matuszewski/k_by_10/k6/graph95.lgbin,128,0.03425478935241699
496,random graphs/matuszewski/k_by_10/k6/graph96.lgbin,135,0.03415346145629883
497,random graphs/matuszewski/k_by_10/k6/graph97.lgbin,128,0.03457283973693848
498,random graphs/matuszewski/k_by_10/k6/graph98.lgbin,138,0.033141136169433594
499,random graphs/matuszewski/k_by_10/k6/graph99.lgbin,133,0.0339655876159668
500,random graphs/matuszewski/k_by_10/k7/graph0.lgbin,205,0.042970895767211914
501,random graphs/matuszewski/k_by_10/k7/graph1.lgbin,181,0.0394442081451416
502,random graphs/matuszewski/k_by_10/k7/graph2.lgbin,187,0.04015994071960449
503,random graphs/matuszewski/k_by_10/k7/graph3.lgbin,160,0.03995966911315918
504,random graphs/matuszewski/k_by_10/k7/graph4.lgbin,247,0.04096221923828125
505,random graphs/matuszewski/k_by_10/k7/graph5.lgbin,175,0.04013824462890625
506,random graphs/matuszewski/k_by_10/k7/graph6.lgbin,192,0.04070138931274414
507,random graphs/matuszewski/k_by_10/k7/graph7.lgbin,150,0.04082536697387695
508,random graphs/matuszewski/k_by_10/k7/graph8.lgbin,169,0.040657997131347656
509,random graphs/matuszewski/k_by_10/k7/graph9.lgbin,165,0.0394437313079834
510,random graphs/matuszewski/k_by_10/k7/graph10.lgbin,163,0.04251551628112793
511,random graphs/matuszewski/k_by_10/k7/graph11.lgbin,166,0.0396885871887207
512,random graphs/matuszewski/k_by_10/k7/graph12.lgbin,137,0.04008626937866211
513,random graphs/matuszewski/k_by_10/k7/graph13.lgbin,171,0.04107522964477539
514,random graphs/matuszewski/k_by_10/k7/graph14.lgbin,186,0.04031825065612793
515,random graphs/matuszewski/k_by_10/k7/graph15.lgbin,156,0.04073667526245117
516,random graphs/matuszewski/k_by_10/k7/graph16.lgbin,176,0.04127669334411621
517,random graphs/matuszewski/k_by_10/k7/graph17.lgbin,190,0.03982853889465332
518,random graphs/matuszewski/k_by_10/k7/graph18.lgbin,182,0.04030132293701172
519,random graphs/matuszewski/k_by_10/k7/graph19.lgbin,203,0.041504859924316406
520,random graphs/matuszewski/k_by_10/k7/graph20.lgbin,173,0.039403438568115234
521,random graphs/matuszewski/k_by_10/k7/graph21.lgbin,174,0.04387521743774414
522,random graphs/matuszewski/k_by_10/k7/graph22.lgbin,178,0.04056906700134277
523,random graphs/matuszewski/k_by_10/k7/graph23.lgbin,187,0.03951692581176758
524,random graphs/matuszewski/k_by_10/k7/graph24.lgbin,180,0.0400233268737793
525,random graphs/matuszewski/k_by_10/k7/graph25.lgbin,182,0.04034137725830078
526,random graphs/matuszewski/k_by_10/k7/graph26.lgbin,184,0.04111051559448242
527,random graphs/matuszewski/k_by_10/k7/graph27.lgbin,175,0.041083335876464844
528,random graphs/matuszewski/k_by_10/k7/graph28.lgbin,178,0.039519548416137695
529,random graphs/matuszewski/k_by_10/k7/graph29.lgbin,183,0.04144620895385742
530,random graphs/matuszewski/k_by_10/k7/graph30.lgbin,200,0.04140138626098633
531,random graphs/matuszewski/k_by_10/k7/graph31.lgbin,206,0.04362893104553223
532,random graphs/matuszewski/k_by_10/k7/graph32.lgbin,195,0.041534423828125
533,random graphs/matuszewski/k_by_10/k7/graph33.lgbin,203,0.04138946533203125
534,random graphs/matuszewski/k_by_10/k7/graph34.lgbin,158,0.04036283493041992
535,random graphs/matuszewski/k_by_10/k7/graph35.lgbin,189,0.04096269607543945
536,random graphs/matuszewski/k_by_10/k7/graph36.lgbin,184,0.0406496524810791
537,random graphs/matuszewski/k_by_10/k7/graph37.lgbin,175,0.040101051330566406
538,random graphs/matuszewski/k_by_10/k7/graph38.lgbin,187,0.040419578552246094
539,random graphs/matuszewski/k_by_10/k7/graph39.lgbin,168,0.040201663970947266
540,random graphs/matuszewski/k_by_10/k7/graph40.lgbin,194,0.04191923141479492
541,random graphs/matuszewski/k_by_10/k7/graph41.lgbin,210,0.041005849838256836
542,random graphs/matuszewski/k_by_10/k7/graph42.lgbin,189,0.0412595272064209
543,random graphs/matuszewski/k_by_10/k7/graph43.lgbin,162,0.040885210037231445
544,random graphs/matuszewski/k_by_10/k7/graph44.lgbin,195,0.043001413345336914
545,random graphs/matuszewski/k_by_10/k7/graph45.lgbin,184,0.041623592376708984
546,random graphs/matuszewski/k_by_10/k7/graph46.lgbin,197,0.04189467430114746
547,random graphs/matuszewski/k_by_10/k7/graph47.lgbin,181,0.03990626335144043
548,random graphs/matuszewski/k_by_10/k7/graph48.lgbin,196,0.040181636810302734
549,random graphs/matuszewski/k_by_10/k7/graph49.lgbin,214,0.04176473617553711
550,random graphs/matuszewski/k_by_10/k7/graph50.lgbin,202,0.0396876335144043
551,random graphs/matuszewski/k_by_10/k7/graph51.lgbin,180,0.03994417190551758
552,random graphs/matuszewski/k_by_10/k7/graph52.lgbin,196,0.04386591911315918
553,random graphs/matuszewski/k_by_10/k7/graph53.lgbin,158,0.03949785232543945
554,random graphs/matuszewski/k_by_10/k7/graph54.lgbin,163,0.04137682914733887
555,random graphs/matuszewski/k_by_10/k7/graph55.lgbin,158,0.04025459289550781
556,random graphs/matuszewski/k_by_10/k7/graph56.lgbin,179,0.04108905792236328
557,random graphs/matuszewski/k_by_10/k7/graph57.lgbin,181,0.0402677059173584
558,random graphs/matuszewski/k_by_10/k7/graph58.lgbin,197,0.03976941108703613
559,random graphs/matuszewski/k_by_10/k7/graph59.lgbin,204,0.0428619384765625
560,random graphs/matuszewski/k_by_10/k7/graph60.lgbin,200,0.04004979133605957
561,random graphs/matuszewski/k_by_10/k7/graph61.lgbin,196,0.04002857208251953
562,random graphs/matuszewski/k_by_10/k7/graph62.lgbin,152,0.04097867012023926
563,random graphs/matuszewski/k_by_10/k7/graph63.lgbin,193,0.04070019721984863
564,random graphs/matuszewski/k_by_10/k7/graph64.lgbin,172,0.040025949478149414
565,random graphs/matuszewski/k_by_10/k7/graph65.lgbin,162,0.04016542434692383
566,random graphs/matuszewski/k_by_10/k7/graph66.lgbin,195,0.04057812690734863
567,random graphs/matuszewski/k_by_10/k7/graph67.lgbin,147,0.03982901573181152
568,random graphs/matuszewski/k_by_10/k7/graph68.lgbin,180,0.03959059715270996
569,random graphs/matuszewski/k_by_10/k7/graph69.lgbin,196,0.04128384590148926
570,random graphs/matuszewski/k_by_10/k7/graph70.lgbin,216,0.04002547264099121
571,random graphs/matuszewski/k_by_10/k7/graph71.lgbin,156,0.03988480567932129
572,random graphs/matuszewski/k_by_10/k7/graph72.lgbin,169,0.041023969650268555
573,random graphs/matuszewski/k_by_10/k7/graph73.lgbin,194,0.04037356376647949
574,random graphs/matuszewski/k_by_10/k7/graph74.lgbin,197,0.040116071701049805
575,random graphs/matuszewski/k_by_10/k7/graph75.lgbin,209,0.04166436195373535
576,random graphs/matuszewski/k_by_10/k7/graph76.lgbin,191,0.04099273681640625
577,random graphs/matuszewski/k_by_10/k7/graph77.lgbin,179,0.04100823402404785
578,random graphs/matuszewski/k_by_10/k7/graph78.lgbin,195,0.041491031646728516
579,random graphs/matuszewski/k_by_10/k7/graph79.lgbin,168,0.04066967964172363
580,random graphs/matuszewski/k_by_10/k7/graph80.lgbin,207,0.040495872497558594
581,random graphs/matuszewski/k_by_10/k7/graph81.lgbin,178,0.04081916809082031
582,random graphs/matuszewski/k_by_10/k7/graph82.lgbin,167,0.039528846740722656
583,random graphs/matuszewski/k_by_10/k7/graph83.lgbin,218,0.04213571548461914
584,random graphs/matuszewski/k_by_10/k7/graph84.lgbin,175,0.03966379165649414
585,random graphs/matuszewski/k_by_10/k7/graph85.lgbin,183,0.04133200645446777
586,random graphs/matuszewski/k_by_10/k7/graph86.lgbin,183,0.04034233093261719
587,random graphs/matuszewski/k_by_10/k7/graph87.lgbin,159,0.04619646072387695
588,random graphs/matuszewski/k_by_10/k7/graph88.lgbin,168,0.04005599021911621
589,random graphs/matuszewski/k_by_10/k7/graph89.lgbin,197,0.040869712829589844
590,random graphs/matuszewski/k_by_10/k7/graph90.lgbin,194,0.040552616119384766
591,random graphs/matuszewski/k_by_10/k7/graph91.lgbin,192,0.03996467590332031
592,random graphs/matuszewski/k_by_10/k7/graph92.lgbin,171,0.04106307029724121
593,random graphs/matuszewski/k_by_10/k7/graph93.lgbin,176,0.03972625732421875
594,random graphs/matuszewski/k_by_10/k7/graph94.lgbin,173,0.04078555107116699
595,random graphs/matuszewski/k_by_10/k7/graph95.lgbin,192,0.040526390075683594
596,random graphs/matuszewski/k_by_10/k7/graph96.lgbin,158,0.03982973098754883
597,random graphs/matuszewski/k_by_10/k7/graph97.lgbin,194,0.03970694541931152
598,random graphs/matuszewski/k_by_10/k7/graph98.lgbin,165,0.04009842872619629
599,random graphs/matuszewski/k_by_10/k7/graph99.lgbin,179,0.03996729850769043
600,random graphs/matuszewski/k_by_10/k8/graph0.lgbin,216,0.0473330020904541
601,random graphs/matuszewski/k_by_10/k8/graph1.lgbin,202,0.04626750946044922
602,random graphs/matuszewski/k_by_10/k8/graph2.lgbin,216,0.04707956314086914
603,random graphs/matuszewski/k_by_10/k8/graph3.lgbin,247,0.048093557357788086
604,random graphs/matuszewski/k_by_10/k8/graph4.lgbin,217,0.047374725341796875
605,random graphs/matuszewski/k_by_10/k8/graph5.lgbin,211,0.04654073715209961
606,random graphs/matuszewski/k_by_10/k8/graph6.lgbin,209,0.045679569244384766
607,random graphs/matuszewski/k_by_10/k8/graph7.lgbin,235,0.048503875732421875
608,random graphs/matuszewski/k_by_10/k8/graph8.lgbin,214,0.04923510551452637
609,random graphs/matuszewski/k_by_10/k8/graph9.lgbin,191,0.046102285385131836
610,random graphs/matuszewski/k_by_10/k8/graph10.lgbin,222,0.048253536224365234
611,random graphs/matuszewski/k_by_10/k8/graph11.lgbin,236,0.04660439491271973
612,random graphs/matuszewski/k_by_10/k8/graph12.lgbin,187,0.045813560485839844
613,random graphs/matuszewski/k_by_10/k8/graph13.lgbin,211,0.045877695083618164
614,random graphs/matuszewski/k_by_10/k8/graph14.lgbin,218,0.048015594482421875
615,random graphs/matuszewski/k_by_10/k8/graph15.lgbin,196,0.04634690284729004
616,random graphs/matuszewski/k_by_10/k8/graph16.lgbin,242,0.04903841018676758
617,random graphs/matuszewski/k_by_10/k8/graph17.lgbin,245,0.0481259822845459
618,random graphs/matuszewski/k_by_10/k8/graph18.lgbin,201,0.04648089408874512
619,random graphs/matuszewski/k_by_10/k8/graph19.lgbin,196,0.0467524528503418
620,random graphs/matuszewski/k_by_10/k8/graph20.lgbin,224,0.049558162689208984
621,random graphs/matuszewski/k_by_10/k8/graph21.lgbin,246,0.04877305030822754
622,random graphs/matuszewski/k_by_10/k8/graph22.lgbin,245,0.04981803894042969
623,random graphs/matuszewski/k_by_10/k8/graph23.lgbin,195,0.04646801948547363
624,random graphs/matuszewski/k_by_10/k8/graph24.lgbin,242,0.04882621765136719
625,random graphs/matuszewski/k_by_10/k8/graph25.lgbin,197,0.046317338943481445
626,random graphs/matuszewski/k_by_10/k8/graph26.lgbin,230,0.04698801040649414
627,random graphs/matuszewski/k_by_10/k8/graph27.lgbin,225,0.0487062931060791
628,random graphs/matuszewski/k_by_10/k8/graph28.lgbin,225,0.04655313491821289
629,random graphs/matuszewski/k_by_10/k8/graph29.lgbin,237,0.048297882080078125
630,random graphs/matuszewski/k_by_10/k8/graph30.lgbin,230,0.047147512435913086
631,random graphs/matuszewski/k_by_10/k8/graph31.lgbin,278,0.051470041275024414
632,random graphs/matuszewski/k_by_10/k8/graph32.lgbin,258,0.04962158203125
633,random graphs/matuszewski/k_by_10/k8/graph33.lgbin,257,0.04932117462158203
634,random graphs/matuszewski/k_by_10/k8/graph34.lgbin,252,0.04856133460998535
635,random graphs/matuszewski/k_by_10/k8/graph35.lgbin,244,0.04775118827819824
636,random graphs/matuszewski/k_by_10/k8/graph36.lgbin,233,0.04907631874084473
637,random graphs/matuszewski/k_by_10/k8/graph37.lgbin,198,0.0464777946472168
638,random graphs/matuszewski/k_by_10/k8/graph38.lgbin,218,0.04610633850097656
639,random graphs/matuszewski/k_by_10/k8/graph39.lgbin,236,0.04746437072753906
640,random graphs/matuszewski/k_by_10/k8/graph40.lgbin,229,0.047686100006103516
641,random graphs/matuszewski/k_by_10/k8/graph41.lgbin,210,0.0472264289855957
642,random graphs/matuszewski/k_by_10/k8/graph42.lgbin,216,0.048776865005493164
643,random graphs/matuszewski/k_by_10/k8/graph43.lgbin,232,0.0460357666015625
644,random graphs/matuszewski/k_by_10/k8/graph44.lgbin,219,0.046506404876708984
645,random graphs/matuszewski/k_by_10/k8/graph45.lgbin,280,0.04987454414367676
646,random graphs/matuszewski/k_by_10/k8/graph46.lgbin,209,0.04700136184692383
647,random graphs/matuszewski/k_by_10/k8/graph47.lgbin,215,0.04860997200012207
648,random graphs/matuszewski/k_by_10/k8/graph48.lgbin,235,0.04721403121948242
649,random graphs/matuszewski/k_by_10/k8/graph49.lgbin,279,0.05066227912902832
650,random graphs/matuszewski/k_by_10/k8/graph50.lgbin,245,0.04756021499633789
651,random graphs/matuszewski/k_by_10/k8/graph51.lgbin,262,0.047833919525146484
652,random graphs/matuszewski/k_by_10/k8/graph52.lgbin,202,0.04812479019165039
653,random graphs/matuszewski/k_by_10/k8/graph53.lgbin,217,0.0463709831237793
654,random graphs/matuszewski/k_by_10/k8/graph54.lgbin,202,0.051572322845458984
655,random graphs/matuszewski/k_by_10/k8/graph55.lgbin,233,0.04835963249206543
656,random graphs/matuszewski/k_by_10/k8/graph56.lgbin,199,0.046479225158691406
657,random graphs/matuszewski/k_by_10/k8/graph57.lgbin,195,0.045946359634399414
658,random graphs/matuszewski/k_by_10/k8/graph58.lgbin,216,0.04847145080566406
659,random graphs/matuszewski/k_by_10/k8/graph59.lgbin,223,0.0491480827331543
660,random graphs/matuszewski/k_by_10/k8/graph60.lgbin,216,0.047429800033569336
661,random graphs/matuszewski/k_by_10/k8/graph61.lgbin,225,0.047275543212890625
662,random graphs/matuszewski/k_by_10/k8/graph62.lgbin,213,0.04714536666870117
663,random graphs/matuszewski/k_by_10/k8/graph63.lgbin,197,0.04719948768615723
664,random graphs/matuszewski/k_by_10/k8/graph64.lgbin,197,0.045942068099975586
665,random graphs/matuszewski/k_by_10/k8/graph65.lgbin,185,0.046926021575927734
666,random graphs/matuszewski/k_by_10/k8/graph66.lgbin,212,0.04606461524963379
667,random graphs/matuszewski/k_by_10/k8/graph67.lgbin,292,0.04882049560546875
668,random graphs/matuszewski/k_by_10/k8/graph68.lgbin,186,0.04648256301879883
669,random graphs/matuszewski/k_by_10/k8/graph69.lgbin,223,0.04680037498474121
670,random graphs/matuszewski/k_by_10/k8/graph70.lgbin,229,0.04750418663024902
671,random graphs/matuszewski/k_by_10/k8/graph71.lgbin,204,0.04627370834350586
672,random graphs/matuszewski/k_by_10/k8/graph72.lgbin,208,0.04601740837097168
673,random graphs/matuszewski/k_by_10/k8/graph73.lgbin,254,0.051025390625
674,random graphs/matuszewski/k_by_10/k8/graph74.lgbin,226,0.048758745193481445
675,random graphs/matuszewski/k_by_10/k8/graph75.lgbin,217,0.04824972152709961
676,random graphs/matuszewski/k_by_10/k8/graph76.lgbin,203,0.04768013954162598
677,random graphs/matuszewski/k_by_10/k8/graph77.lgbin,222,0.04708075523376465
678,random graphs/matuszewski/k_by_10/k8/graph78.lgbin,244,0.04871225357055664
679,random graphs/matuszewski/k_by_10/k8/graph79.lgbin,159,0.04663348197937012
680,random graphs/matuszewski/k_by_10/k8/graph80.lgbin,213,0.04891705513000488
681,random graphs/matuszewski/k_by_10/k8/graph81.lgbin,233,0.048547983169555664
682,random graphs/matuszewski/k_by_10/k8/graph82.lgbin,233,0.04611015319824219
683,random graphs/matuszewski/k_by_10/k8/graph83.lgbin,218,0.047829389572143555
684,random graphs/matuszewski/k_by_10/k8/graph84.lgbin,273,0.05154609680175781
685,random graphs/matuszewski/k_by_10/k8/graph85.lgbin,210,0.04916048049926758
686,random graphs/matuszewski/k_by_10/k8/graph86.lgbin,196,0.04726743698120117
687,random graphs/matuszewski/k_by_10/k8/graph87.lgbin,216,0.04787445068359375
688,random graphs/matuszewski/k_by_10/k8/graph88.lgbin,231,0.04894518852233887
689,random graphs/matuszewski/k_by_10/k8/graph89.lgbin,195,0.04693174362182617
690,random graphs/matuszewski/k_by_10/k8/graph90.lgbin,210,0.04604601860046387
691,random graphs/matuszewski/k_by_10/k8/graph91.lgbin,201,0.046701669692993164
692,random graphs/matuszewski/k_by_10/k8/graph92.lgbin,228,0.04618239402770996
693,random graphs/matuszewski/k_by_10/k8/graph93.lgbin,230,0.045853614807128906
694,random graphs/matuszewski/k_by_10/k8/graph94.lgbin,240,0.04666924476623535
695,random graphs/matuszewski/k_by_10/k8/graph95.lgbin,191,0.04735541343688965
696,random graphs/matuszewski/k_by_10/k8/graph96.lgbin,211,0.04770350456237793
697,random graphs/matuszewski/k_by_10/k8/graph97.lgbin,262,0.04785490036010742
698,random graphs/matuszewski/k_by_10/k8/graph98.lgbin,216,0.045874834060668945
699,random graphs/matuszewski/k_by_10/k8/graph99.lgbin,219,0.04630541801452637
700,random graphs/matuszewski/k_by_10/k9/graph0.lgbin,261,0.05275774002075195
701,random graphs/matuszewski/k_by_10/k9/graph1.lgbin,276,0.05624055862426758
702,random graphs/matuszewski/k_by_10/k9/graph2.lgbin,268,0.05464601516723633
703,random graphs/matuszewski/k_by_10/k9/graph3.lgbin,275,0.05694723129272461
704,random graphs/matuszewski/k_by_10/k9/graph4.lgbin,306,0.055408477783203125
705,random graphs/matuszewski/k_by_10/k9/graph5.lgbin,254,0.054239511489868164
706,random graphs/matuszewski/k_by_10/k9/graph6.lgbin,300,0.05791926383972168
707,random graphs/matuszewski/k_by_10/k9/graph7.lgbin,273,0.05762887001037598
708,random graphs/matuszewski/k_by_10/k9/graph8.lgbin,266,0.05481600761413574
709,random graphs/matuszewski/k_by_10/k9/graph9.lgbin,266,0.053870201110839844
710,random graphs/matuszewski/k_by_10/k9/graph10.lgbin,287,0.05463123321533203
711,random graphs/matuszewski/k_by_10/k9/graph11.lgbin,250,0.05361151695251465
712,random graphs/matuszewski/k_by_10/k9/graph12.lgbin,275,0.054496049880981445
713,random graphs/matuszewski/k_by_10/k9/graph13.lgbin,233,0.05854487419128418
714,random graphs/matuszewski/k_by_10/k9/graph14.lgbin,251,0.05387306213378906
715,random graphs/matuszewski/k_by_10/k9/graph15.lgbin,218,0.05368161201477051
716,random graphs/matuszewski/k_by_10/k9/graph16.lgbin,236,0.05291295051574707
717,random graphs/matuszewski/k_by_10/k9/graph17.lgbin,259,0.0538942813873291
718,random graphs/matuszewski/k_by_10/k9/graph18.lgbin,242,0.05237841606140137
719,random graphs/matuszewski/k_by_10/k9/graph19.lgbin,207,0.053467512130737305
720,random graphs/matuszewski/k_by_10/k9/graph20.lgbin,279,0.05263543128967285
721,random graphs/matuszewski/k_by_10/k9/graph21.lgbin,248,0.05557703971862793
722,random graphs/matuszewski/k_by_10/k9/graph22.lgbin,266,0.05532360076904297
723,random graphs/matuszewski/k_by_10/k9/graph23.lgbin,278,0.0540463924407959
724,random graphs/matuszewski/k_by_10/k9/graph24.lgbin,228,0.05449986457824707
725,random graphs/matuszewski/k_by_10/k9/graph25.lgbin,232,0.05454087257385254
726,random graphs/matuszewski/k_by_10/k9/graph26.lgbin,291,0.05503988265991211
727,random graphs/matuszewski/k_by_10/k9/graph27.lgbin,226,0.05329179763793945
728,random graphs/matuszewski/k_by_10/k9/graph28.lgbin,246,0.05277562141418457
729,random graphs/matuszewski/k_by_10/k9/graph29.lgbin,272,0.054192543029785156
730,random graphs/matuszewski/k_by_10/k9/graph30.lgbin,260,0.05449962615966797
731,random graphs/matuszewski/k_by_10/k9/graph31.lgbin,254,0.0529630184173584
732,random graphs/matuszewski/k_by_10/k9/graph32.lgbin,255,0.05183148384094238
733,random graphs/matuszewski/k_by_10/k9/graph33.lgbin,292,0.05365467071533203
734,random graphs/matuszewski/k_by_10/k9/graph34.lgbin,216,0.053525686264038086
735,random graphs/matuszewski/k_by_10/k9/graph35.lgbin,273,0.052999258041381836
736,random graphs/matuszewski/k_by_10/k9/graph36.lgbin,223,0.05392169952392578
737,random graphs/matuszewski/k_by_10/k9/graph37.lgbin,232,0.052007198333740234
738,random graphs/matuszewski/k_by_10/k9/graph38.lgbin,264,0.05395078659057617
739,random graphs/matuszewski/k_by_10/k9/graph39.lgbin,245,0.05469202995300293
740,random graphs/matuszewski/k_by_10/k9/graph40.lgbin,282,0.054552316665649414
741,random graphs/matuszewski/k_by_10/k9/graph41.lgbin,280,0.05577230453491211
742,random graphs/matuszewski/k_by_10/k9/graph42.lgbin,289,0.054543256759643555
743,random graphs/matuszewski/k_by_10/k9/graph43.lgbin,237,0.05333209037780762
744,random graphs/matuszewski/k_by_10/k9/graph44.lgbin,266,0.05413460731506348
745,random graphs/matuszewski/k_by_10/k9/graph45.lgbin,223,0.054521799087524414
746,random graphs/matuszewski/k_by_10/k9/graph46.lgbin,244,0.05283999443054199
747,random graphs/matuszewski/k_by_10/k9/graph47.lgbin,266,0.055054426193237305
748,random graphs/matuszewski/k_by_10/k9/graph48.lgbin,260,0.05634021759033203
749,random graphs/matuszewski/k_by_10/k9/graph49.lgbin,241,0.056992530822753906
750,random graphs/matuszewski/k_by_10/k9/graph50.lgbin,221,0.05821704864501953
751,random graphs/matuszewski/k_by_10/k9/graph51.lgbin,220,0.055831193923950195
752,random graphs/matuszewski/k_by_10/k9/graph52.lgbin,231,0.05825519561767578
753,random graphs/matuszewski/k_by_10/k9/graph53.lgbin,231,0.05509638786315918
754,random graphs/matuszewski/k_by_10/k9/graph54.lgbin,235,0.05464768409729004
755,random graphs/matuszewski/k_by_10/k9/graph55.lgbin,204,0.05741596221923828
756,random graphs/matuszewski/k_by_10/k9/graph56.lgbin,260,0.05424642562866211
757,random graphs/matuszewski/k_by_10/k9/graph57.lgbin,250,0.06238126754760742
758,random graphs/matuszewski/k_by_10/k9/graph58.lgbin,266,0.05611371994018555
759,random graphs/matuszewski/k_by_10/k9/graph59.lgbin,230,0.05864548683166504
760,random graphs/matuszewski/k_by_10/k9/graph60.lgbin,304,0.05980205535888672
761,random graphs/matuszewski/k_by_10/k9/graph61.lgbin,260,0.05742597579956055
762,random graphs/matuszewski/k_by_10/k9/graph62.lgbin,277,0.0622715950012207
763,random graphs/matuszewski/k_by_10/k9/graph63.lgbin,271,0.05743408203125
764,random graphs/matuszewski/k_by_10/k9/graph64.lgbin,272,0.05879330635070801
765,random graphs/matuszewski/k_by_10/k9/graph65.lgbin,241,0.05538606643676758
766,random graphs/matuszewski/k_by_10/k9/graph66.lgbin,282,0.058480262756347656
767,random graphs/matuszewski/k_by_10/k9/graph67.lgbin,269,0.05572032928466797
768,random graphs/matuszewski/k_by_10/k9/graph68.lgbin,259,0.05623435974121094
769,random graphs/matuszewski/k_by_10/k9/graph69.lgbin,298,0.0578923225402832
770,random graphs/matuszewski/k_by_10/k9/graph70.lgbin,231,0.0570223331451416
771,random graphs/matuszewski/k_by_10/k9/graph71.lgbin,247,0.058600425720214844
772,random graphs/matuszewski/k_by_10/k9/graph72.lgbin,240,0.05830812454223633
773,random graphs/matuszewski/k_by_10/k9/graph73.lgbin,298,0.05974698066711426
774,random graphs/matuszewski/k_by_10/k9/graph74.lgbin,292,0.057737112045288086
775,random graphs/matuszewski/k_by_10/k9/graph75.lgbin,228,0.0539860725402832
776,random graphs/matuszewski/k_by_10/k9/graph76.lgbin,232,0.05509161949157715
777,random graphs/matuszewski/k_by_10/k9/graph77.lgbin,268,0.05643630027770996
778,random graphs/matuszewski/k_by_10/k9/graph78.lgbin,257,0.05708932876586914
779,random graphs/matuszewski/k_by_10/k9/graph79.lgbin,244,0.05482149124145508
780,random graphs/matuszewski/k_by_10/k9/graph80.lgbin,248,0.0585789680480957
781,random graphs/matuszewski/k_by_10/k9/graph81.lgbin,259,0.05597972869873047
782,random graphs/matuszewski/k_by_10/k9/graph82.lgbin,251,0.05934619903564453
783,random graphs/matuszewski/k_by_10/k9/graph83.lgbin,280,0.05829906463623047
784,random graphs/matuszewski/k_by_10/k9/graph84.lgbin,214,0.05960273742675781
785,random graphs/matuszewski/k_by_10/k9/graph85.lgbin,283,0.05914020538330078
786,random graphs/matuszewski/k_by_10/k9/graph86.lgbin,266,0.05625009536743164
787,random graphs/matuszewski/k_by_10/k9/graph87.lgbin,265,0.056931495666503906
788,random graphs/matuszewski/k_by_10/k9/graph88.lgbin,260,0.054872989654541016
789,random graphs/matuszewski/k_by_10/k9/graph89.lgbin,355,0.062183380126953125
790,random graphs/matuszewski/k_by_10/k9/graph90.lgbin,260,0.05749773979187012
791,random graphs/matuszewski/k_by_10/k9/graph91.lgbin,225,0.05348086357116699
792,random graphs/matuszewski/k_by_10/k9/graph92.lgbin,271,0.05960869789123535
793,random graphs/matuszewski/k_by_10/k9/graph93.lgbin,237,0.053885459899902344
794,random graphs/matuszewski/k_by_10/k9/graph94.lgbin,225,0.05706167221069336
795,random graphs/matuszewski/k_by_10/k9/graph95.lgbin,240,0.05893445014953613
796,random graphs/matuszewski/k_by_10/k9/graph96.lgbin,255,0.058580636978149414
797,random graphs/matuszewski/k_by_10/k9/graph97.lgbin,260,0.05846810340881348
798,random graphs/matuszewski/k_by_10/k9/graph98.lgbin,252,0.05930280685424805
799,random graphs/matuszewski/k_by_10/k9/graph99.lgbin,303,0.057875633239746094
800,random graphs/matuszewski/k_by_10/k10/graph0.lgbin,301,0.062035560607910156
801,random graphs/matuszewski/k_by_10/k10/graph1.lgbin,289,0.06275200843811035
802,random graphs/matuszewski/k_by_10/k10/graph2.lgbin,260,0.06260514259338379
803,random graphs/matuszewski/k_by_10/k10/graph3.lgbin,276,0.06528234481811523
804,random graphs/matuszewski/k_by_10/k10/graph4.lgbin,259,0.06496977806091309
805,random graphs/matuszewski/k_by_10/k10/graph5.lgbin,276,0.060674190521240234
806,random graphs/matuszewski/k_by_10/k10/graph6.lgbin,283,0.06488609313964844
807,random graphs/matuszewski/k_by_10/k10/graph7.lgbin,331,0.06646418571472168
808,random graphs/matuszewski/k_by_10/k10/graph8.lgbin,321,0.065673828125
809,random graphs/matuszewski/k_by_10/k10/graph9.lgbin,306,0.0679478645324707
810,random graphs/matuszewski/k_by_10/k10/graph10.lgbin,296,0.06188654899597168
811,random graphs/matuszewski/k_by_10/k10/graph11.lgbin,262,0.06485438346862793
812,random graphs/matuszewski/k_by_10/k10/graph12.lgbin,295,0.0635528564453125
813,random graphs/matuszewski/k_by_10/k10/graph13.lgbin,276,0.06435775756835938
814,random graphs/matuszewski/k_by_10/k10/graph14.lgbin,308,0.06284737586975098
815,random graphs/matuszewski/k_by_10/k10/graph15.lgbin,301,0.06626772880554199
816,random graphs/matuszewski/k_by_10/k10/graph16.lgbin,286,0.06314969062805176
817,random graphs/matuszewski/k_by_10/k10/graph17.lgbin,314,0.06647753715515137
818,random graphs/matuszewski/k_by_10/k10/graph18.lgbin,300,0.060787200927734375
819,random graphs/matuszewski/k_by_10/k10/graph19.lgbin,260,0.05976104736328125
820,random graphs/matuszewski/k_by_10/k10/graph20.lgbin,316,0.060404062271118164
821,random graphs/matuszewski/k_by_10/k10/graph21.lgbin,311,0.0627894401550293
822,random graphs/matuszewski/k_by_10/k10/graph22.lgbin,281,0.05955314636230469
823,random graphs/matuszewski/k_by_10/k10/graph23.lgbin,289,0.06012701988220215
824,random graphs/matuszewski/k_by_10/k10/graph24.lgbin,308,0.06142616271972656
825,random graphs/matuszewski/k_by_10/k10/graph25.lgbin,266,0.05950355529785156
826,random graphs/matuszewski/k_by_10/k10/graph26.lgbin,300,0.06229877471923828
827,random graphs/matuszewski/k_by_10/k10/graph27.lgbin,293,0.062032222747802734
828,random graphs/matuszewski/k_by_10/k10/graph28.lgbin,286,0.0605626106262207
829,random graphs/matuszewski/k_by_10/k10/graph29.lgbin,272,0.061097145080566406
830,random graphs/matuszewski/k_by_10/k10/graph30.lgbin,298,0.0616612434387207
831,random graphs/matuszewski/k_by_10/k10/graph31.lgbin,257,0.060394287109375
832,random graphs/matuszewski/k_by_10/k10/graph32.lgbin,210,0.06110978126525879
833,random graphs/matuszewski/k_by_10/k10/graph33.lgbin,301,0.06014204025268555
834,random graphs/matuszewski/k_by_10/k10/graph34.lgbin,298,0.06173872947692871
835,random graphs/matuszewski/k_by_10/k10/graph35.lgbin,277,0.059213876724243164
836,random graphs/matuszewski/k_by_10/k10/graph36.lgbin,326,0.06308150291442871
837,random graphs/matuszewski/k_by_10/k10/graph37.lgbin,269,0.06214118003845215
838,random graphs/matuszewski/k_by_10/k10/graph38.lgbin,342,0.06407761573791504
839,random graphs/matuszewski/k_by_10/k10/graph39.lgbin,305,0.06240034103393555
840,random graphs/matuszewski/k_by_10/k10/graph40.lgbin,307,0.05999016761779785
841,random graphs/matuszewski/k_by_10/k10/graph41.lgbin,313,0.06110882759094238
842,random graphs/matuszewski/k_by_10/k10/graph42.lgbin,256,0.061979055404663086
843,random graphs/matuszewski/k_by_10/k10/graph43.lgbin,253,0.061896562576293945
844,random graphs/matuszewski/k_by_10/k10/graph44.lgbin,280,0.0604097843170166
845,random graphs/matuszewski/k_by_10/k10/graph45.lgbin,252,0.06151914596557617
846,random graphs/matuszewski/k_by_10/k10/graph46.lgbin,334,0.06232953071594238
847,random graphs/matuszewski/k_by_10/k10/graph47.lgbin,294,0.06259751319885254
848,random graphs/matuszewski/k_by_10/k10/graph48.lgbin,265,0.05904579162597656
849,random graphs/matuszewski/k_by_10/k10/graph49.lgbin,318,0.06156492233276367
850,random graphs/matuszewski/k_by_10/k10/graph50.lgbin,260,0.05998659133911133
851,random graphs/matuszewski/k_by_10/k10/graph51.lgbin,256,0.059935808181762695
852,random graphs/matuszewski/k_by_10/k10/graph52.lgbin,290,0.062331438064575195
853,random graphs/matuszewski/k_by_10/k10/graph53.lgbin,316,0.06364226341247559
854,random graphs/matuszewski/k_by_10/k10/graph54.lgbin,293,0.06163930892944336
855,random graphs/matuszewski/k_by_10/k10/graph55.lgbin,291,0.060785770416259766
856,random graphs/matuszewski/k_by_10/k10/graph56.lgbin,283,0.060030221939086914
857,random graphs/matuszewski/k_by_10/k10/graph57.lgbin,278,0.06254935264587402
858,random graphs/matuszewski/k_by_10/k10/graph58.lgbin,320,0.06165909767150879
859,random graphs/matuszewski/k_by_10/k10/graph59.lgbin,351,0.061016082763671875
860,random graphs/matuszewski/k_by_10/k10/graph60.lgbin,252,0.060108184814453125
861,random graphs/matuszewski/k_by_10/k10/graph61.lgbin,271,0.05959606170654297
862,random graphs/matuszewski/k_by_10/k10/graph62.lgbin,265,0.06074953079223633
863,random graphs/matuszewski/k_by_10/k10/graph63.lgbin,290,0.06107735633850098
864,random graphs/matuszewski/k_by_10/k10/graph64.lgbin,275,0.060333251953125
865,random graphs/matuszewski/k_by_10/k10/graph65.lgbin,296,0.06211519241333008
866,random graphs/matuszewski/k_by_10/k10/graph66.lgbin,262,0.05969882011413574
867,random graphs/matuszewski/k_by_10/k10/graph67.lgbin,284,0.06006932258605957
868,random graphs/matuszewski/k_by_10/k10/graph68.lgbin,311,0.06104469299316406
869,random graphs/matuszewski/k_by_10/k10/graph69.lgbin,299,0.06206846237182617
870,random graphs/matuszewski/k_by_10/k10/graph70.lgbin,267,0.06205487251281738
871,random graphs/matuszewski/k_by_10/k10/graph71.lgbin,342,0.062268972396850586
872,random graphs/matuszewski/k_by_10/k10/graph72.lgbin,291,0.059969186782836914
873,random graphs/matuszewski/k_by_10/k10/graph73.lgbin,281,0.06258344650268555
874,random graphs/matuszewski/k_by_10/k10/graph74.lgbin,308,0.06306600570678711
875,random graphs/matuszewski/k_by_10/k10/graph75.lgbin,279,0.06140780448913574
876,random graphs/matuszewski/k_by_10/k10/graph76.lgbin,283,0.060656070709228516
877,random graphs/matuszewski/k_by_10/k10/graph77.lgbin,333,0.06105470657348633
878,random graphs/matuszewski/k_by_10/k10/graph78.lgbin,300,0.06058859825134277
879,random graphs/matuszewski/k_by_10/k10/graph79.lgbin,257,0.06064414978027344
880,random graphs/matuszewski/k_by_10/k10/graph80.lgbin,313,0.06337380409240723
881,random graphs/matuszewski/k_by_10/k10/graph81.lgbin,321,0.06032109260559082
882,random graphs/matuszewski/k_by_10/k10/graph82.lgbin,289,0.06270146369934082
883,random graphs/matuszewski/k_by_10/k10/graph83.lgbin,300,0.06227731704711914
884,random graphs/matuszewski/k_by_10/k10/graph84.lgbin,280,0.06060028076171875
885,random graphs/matuszewski/k_by_10/k10/graph85.lgbin,272,0.060414791107177734
886,random graphs/matuszewski/k_by_10/k10/graph86.lgbin,267,0.059525489807128906
887,random graphs/matuszewski/k_by_10/k10/graph87.lgbin,274,0.06152653694152832
888,random graphs/matuszewski/k_by_10/k10/graph88.lgbin,257,0.060777902603149414
889,random graphs/matuszewski/k_by_10/k10/graph89.lgbin,277,0.060036659240722656
890,random graphs/matuszewski/k_by_10/k10/graph90.lgbin,261,0.060709238052368164
891,random graphs/matuszewski/k_by_10/k10/graph91.lgbin,254,0.06153440475463867
892,random graphs/matuszewski/k_by_10/k10/graph92.lgbin,311,0.06314468383789062
893,random graphs/matuszewski/k_by_10/k10/graph93.lgbin,362,0.06366348266601562
894,random graphs/matuszewski/k_by_10/k10/graph94.lgbin,283,0.0623631477355957
895,random graphs/matuszewski/k_by_10/k10/graph95.lgbin,285,0.06050896644592285
896,random graphs/matuszewski/k_by_10/k10/graph96.lgbin,322,0.0613555908203125
897,random graphs/matuszewski/k_by_10/k10/graph97.lgbin,275,0.06124591827392578
898,random graphs/matuszewski/k_by_10/k10/graph98.lgbin,297,0.061876535415649414
899,random graphs/matuszewski/k_by_10/k10/graph99.lgbin,272,0.06109452247619629
900,random graphs/matuszewski/k_by_10/k11/graph0.lgbin,297,0.06684994697570801
901,random graphs/matuszewski/k_by_10/k11/graph1.lgbin,320,0.06580710411071777
902,random graphs/matuszewski/k_by_10/k11/graph2.lgbin,324,0.06760764122009277
903,random graphs/matuszewski/k_by_10/k11/graph3.lgbin,355,0.06688141822814941
904,random graphs/matuszewski/k_by_10/k11/graph4.lgbin,332,0.06843113899230957
905,random graphs/matuszewski/k_by_10/k11/graph5.lgbin,366,0.07036924362182617
906,random graphs/matuszewski/k_by_10/k11/graph6.lgbin,265,0.06688046455383301
907,random graphs/matuszewski/k_by_10/k11/graph7.lgbin,315,0.06808686256408691
908,random graphs/matuszewski/k_by_10/k11/graph8.lgbin,372,0.06924891471862793
909,random graphs/matuszewski/k_by_10/k11/graph9.lgbin,328,0.06847357749938965
910,random graphs/matuszewski/k_by_10/k11/graph10.lgbin,315,0.07046341896057129
911,random graphs/matuszewski/k_by_10/k11/graph11.lgbin,291,0.07410883903503418
912,random graphs/matuszewski/k_by_10/k11/graph12.lgbin,360,0.07973289489746094
913,random graphs/matuszewski/k_by_10/k11/graph13.lgbin,324,0.07562780380249023
914,random graphs/matuszewski/k_by_10/k11/graph14.lgbin,300,0.06711816787719727
915,random graphs/matuszewski/k_by_10/k11/graph15.lgbin,291,0.06669735908508301
916,random graphs/matuszewski/k_by_10/k11/graph16.lgbin,366,0.06737160682678223
917,random graphs/matuszewski/k_by_10/k11/graph17.lgbin,341,0.06834077835083008
918,random graphs/matuszewski/k_by_10/k11/graph18.lgbin,320,0.0689401626586914
919,random graphs/matuszewski/k_by_10/k11/graph19.lgbin,336,0.06646108627319336
920,random graphs/matuszewski/k_by_10/k11/graph20.lgbin,340,0.0688779354095459
921,random graphs/matuszewski/k_by_10/k11/graph21.lgbin,280,0.06703591346740723
922,random graphs/matuszewski/k_by_10/k11/graph22.lgbin,340,0.06859040260314941
923,random graphs/matuszewski/k_by_10/k11/graph23.lgbin,299,0.06732177734375
924,random graphs/matuszewski/k_by_10/k11/graph24.lgbin,331,0.06889986991882324
925,random graphs/matuszewski/k_by_10/k11/graph25.lgbin,334,0.07221007347106934
926,random graphs/matuszewski/k_by_10/k11/graph26.lgbin,317,0.06805062294006348
927,random graphs/matuszewski/k_by_10/k11/graph27.lgbin,338,0.06731271743774414
928,random graphs/matuszewski/k_by_10/k11/graph28.lgbin,299,0.06933331489562988
929,random graphs/matuszewski/k_by_10/k11/graph29.lgbin,327,0.06730318069458008
930,random graphs/matuszewski/k_by_10/k11/graph30.lgbin,315,0.06632590293884277
931,random graphs/matuszewski/k_by_10/k11/graph31.lgbin,251,0.06683039665222168
932,random graphs/matuszewski/k_by_10/k11/graph32.lgbin,328,0.06836056709289551
933,random graphs/matuszewski/k_by_10/k11/graph33.lgbin,382,0.06899285316467285
934,random graphs/matuszewski/k_by_10/k11/graph34.lgbin,287,0.06705737113952637
935,random graphs/matuszewski/k_by_10/k11/graph35.lgbin,292,0.06592702865600586
936,random graphs/matuszewski/k_by_10/k11/graph36.lgbin,333,0.06820344924926758
937,random graphs/matuszewski/k_by_10/k11/graph37.lgbin,356,0.06990814208984375
938,random graphs/matuszewski/k_by_10/k11/graph38.lgbin,306,0.06836557388305664
939,random graphs/matuszewski/k_by_10/k11/graph39.lgbin,339,0.06766057014465332
940,random graphs/matuszewski/k_by_10/k11/graph40.lgbin,311,0.06732368469238281
941,random graphs/matuszewski/k_by_10/k11/graph41.lgbin,384,0.07036113739013672
942,random graphs/matuszewski/k_by_10/k11/graph42.lgbin,333,0.0682988166809082
943,random graphs/matuszewski/k_by_10/k11/graph43.lgbin,343,0.06663298606872559
944,random graphs/matuszewski/k_by_10/k11/graph44.lgbin,284,0.06648969650268555
945,random graphs/matuszewski/k_by_10/k11/graph45.lgbin,354,0.06745100021362305
946,random graphs/matuszewski/k_by_10/k11/graph46.lgbin,296,0.06795048713684082
947,random graphs/matuszewski/k_by_10/k11/graph47.lgbin,340,0.068206787109375
948,random graphs/matuszewski/k_by_10/k11/graph48.lgbin,382,0.06698966026306152
949,random graphs/matuszewski/k_by_10/k11/graph49.lgbin,331,0.06992363929748535
950,random graphs/matuszewski/k_by_10/k11/graph50.lgbin,290,0.06607937812805176
951,random graphs/matuszewski/k_by_10/k11/graph51.lgbin,343,0.06805634498596191
952,random graphs/matuszewski/k_by_10/k11/graph52.lgbin,319,0.06787919998168945
953,random graphs/matuszewski/k_by_10/k11/graph53.lgbin,338,0.06746864318847656
954,random graphs/matuszewski/k_by_10/k11/graph54.lgbin,342,0.0677938461303711
955,random graphs/matuszewski/k_by_10/k11/graph55.lgbin,311,0.06700396537780762
956,random graphs/matuszewski/k_by_10/k11/graph56.lgbin,316,0.06730008125305176
957,random graphs/matuszewski/k_by_10/k11/graph57.lgbin,345,0.0688469409942627
958,random graphs/matuszewski/k_by_10/k11/graph58.lgbin,301,0.07386469841003418
959,random graphs/matuszewski/k_by_10/k11/graph59.lgbin,321,0.06762003898620605
960,random graphs/matuszewski/k_by_10/k11/graph60.lgbin,353,0.06889700889587402
961,random graphs/matuszewski/k_by_10/k11/graph61.lgbin,319,0.06958675384521484
962,random graphs/matuszewski/k_by_10/k11/graph62.lgbin,333,0.06814789772033691
963,random graphs/matuszewski/k_by_10/k11/graph63.lgbin,308,0.0665280818939209
964,random graphs/matuszewski/k_by_10/k11/graph64.lgbin,329,0.06841135025024414
965,random graphs/matuszewski/k_by_10/k11/graph65.lgbin,334,0.06829428672790527
966,random graphs/matuszewski/k_by_10/k11/graph66.lgbin,305,0.06629371643066406
967,random graphs/matuszewski/k_by_10/k11/graph67.lgbin,370,0.06893324851989746
968,random graphs/matuszewski/k_by_10/k11/graph68.lgbin,276,0.06654024124145508
969,random graphs/matuszewski/k_by_10/k11/graph69.lgbin,311,0.06807804107666016
970,random graphs/matuszewski/k_by_10/k11/graph70.lgbin,305,0.06600809097290039
971,random graphs/matuszewski/k_by_10/k11/graph71.lgbin,264,0.06696248054504395
972,random graphs/matuszewski/k_by_10/k11/graph72.lgbin,318,0.0673363208770752
973,random graphs/matuszewski/k_by_10/k11/graph73.lgbin,344,0.06740450859069824
974,random graphs/matuszewski/k_by_10/k11/graph74.lgbin,353,0.06851053237915039
975,random graphs/matuszewski/k_by_10/k11/graph75.lgbin,304,0.06676793098449707
976,random graphs/matuszewski/k_by_10/k11/graph76.lgbin,332,0.06726479530334473
977,random graphs/matuszewski/k_by_10/k11/graph77.lgbin,300,0.06725358963012695
978,random graphs/matuszewski/k_by_10/k11/graph78.lgbin,305,0.06774497032165527
979,random graphs/matuszewski/k_by_10/k11/graph79.lgbin,332,0.07033252716064453
980,random graphs/matuszewski/k_by_10/k11/graph80.lgbin,284,0.06728267669677734
981,random graphs/matuszewski/k_by_10/k11/graph81.lgbin,319,0.06812119483947754
982,random graphs/matuszewski/k_by_10/k11/graph82.lgbin,338,0.06840991973876953
983,random graphs/matuszewski/k_by_10/k11/graph83.lgbin,307,0.06693673133850098
984,random graphs/matuszewski/k_by_10/k11/graph84.lgbin,329,0.06733202934265137
985,random graphs/matuszewski/k_by_10/k11/graph85.lgbin,286,0.06841063499450684
986,random graphs/matuszewski/k_by_10/k11/graph86.lgbin,320,0.06849837303161621
987,random graphs/matuszewski/k_by_10/k11/graph87.lgbin,415,0.07229781150817871
988,random graphs/matuszewski/k_by_10/k11/graph88.lgbin,359,0.06733894348144531
989,random graphs/matuszewski/k_by_10/k11/graph89.lgbin,396,0.07377004623413086
990,random graphs/matuszewski/k_by_10/k11/graph90.lgbin,286,0.06775116920471191
991,random graphs/matuszewski/k_by_10/k11/graph91.lgbin,332,0.06929469108581543
992,random graphs/matuszewski/k_by_10/k11/graph92.lgbin,351,0.0680232048034668
993,random graphs/matuszewski/k_by_10/k11/graph93.lgbin,321,0.06870889663696289
994,random graphs/matuszewski/k_by_10/k11/graph94.lgbin,271,0.06689310073852539
995,random graphs/matuszewski/k_by_10/k11/graph95.lgbin,319,0.06780052185058594
996,random graphs/matuszewski/k_by_10/k11/graph96.lgbin,292,0.0673530101776123
997,random graphs/matuszewski/k_by_10/k11/graph97.lgbin,331,0.06896066665649414
998,random graphs/matuszewski/k_by_10/k11/graph98.lgbin,338,0.0722050666809082
999,random graphs/matuszewski/k_by_10/k11/graph99.lgbin,319,0.0676267147064209
1000,random graphs/matuszewski/k_by_10/k12/graph0.lgbin,351,0.07365107536315918
1001,random graphs/matuszewski/k_by_10/k12/graph1.lgbin,377,0.07341766357421875
1002,random graphs/matuszewski/k_by_10/k12/graph2.lgbin,352,0.0725698471069336
1003,random graphs/matuszewski/k_by_10/k12/graph3.lgbin,347,0.07352685928344727
1004,random graphs/matuszewski/k_by_10/k12/graph4.lgbin,324,0.07260370254516602
1005,random graphs/matuszewski/k_by_10/k12/graph5.lgbin,370,0.07534670829772949
1006,random graphs/matuszewski/k_by_10/k12/graph6.lgbin,332,0.07400202751159668
1007,random graphs/matuszewski/k_by_10/k12/graph7.lgbin,338,0.07432293891906738
1008,random graphs/matuszewski/k_by_10/k12/graph8.lgbin,330,0.07332634925842285
1009,random graphs/matuszewski/k_by_10/k12/graph9.lgbin,393,0.07404398918151855
1010,random graphs/matuszewski/k_by_10/k12/graph10.lgbin,391,0.07465672492980957
1011,random graphs/matuszewski/k_by_10/k12/graph11.lgbin,363,0.07427167892456055
1012,random graphs/matuszewski/k_by_10/k12/graph12.lgbin,335,0.07373785972595215
1013,random graphs/matuszewski/k_by_10/k12/graph13.lgbin,318,0.07309770584106445
1014,random graphs/matuszewski/k_by_10/k12/graph14.lgbin,327,0.07322502136230469
1015,random graphs/matuszewski/k_by_10/k12/graph15.lgbin,326,0.07351040840148926
1016,random graphs/matuszewski/k_by_10/k12/graph16.lgbin,388,0.07384991645812988
1017,random graphs/matuszewski/k_by_10/k12/graph17.lgbin,350,0.07485151290893555
1018,random graphs/matuszewski/k_by_10/k12/graph18.lgbin,354,0.07442355155944824
1019,random graphs/matuszewski/k_by_10/k12/graph19.lgbin,387,0.0744171142578125
1020,random graphs/matuszewski/k_by_10/k12/graph20.lgbin,354,0.07387208938598633
1021,random graphs/matuszewski/k_by_10/k12/graph21.lgbin,373,0.07426238059997559
1022,random graphs/matuszewski/k_by_10/k12/graph22.lgbin,335,0.07596659660339355
1023,random graphs/matuszewski/k_by_10/k12/graph23.lgbin,382,0.07396411895751953
1024,random graphs/matuszewski/k_by_10/k12/graph24.lgbin,355,0.07485032081604004
1025,random graphs/matuszewski/k_by_10/k12/graph25.lgbin,331,0.07683372497558594
1026,random graphs/matuszewski/k_by_10/k12/graph26.lgbin,374,0.07393598556518555
1027,random graphs/matuszewski/k_by_10/k12/graph27.lgbin,379,0.07536983489990234
1028,random graphs/matuszewski/k_by_10/k12/graph28.lgbin,383,0.07378077507019043
1029,random graphs/matuszewski/k_by_10/k12/graph29.lgbin,375,0.07431840896606445
1030,random graphs/matuszewski/k_by_10/k12/graph30.lgbin,333,0.07488346099853516
1031,random graphs/matuszewski/k_by_10/k12/graph31.lgbin,376,0.09634518623352051
1032,random graphs/matuszewski/k_by_10/k12/graph32.lgbin,407,0.07530641555786133
1033,random graphs/matuszewski/k_by_10/k12/graph33.lgbin,349,0.07338166236877441
1034,random graphs/matuszewski/k_by_10/k12/graph34.lgbin,369,0.07743334770202637
1035,random graphs/matuszewski/k_by_10/k12/graph35.lgbin,371,0.07507514953613281
1036,random graphs/matuszewski/k_by_10/k12/graph36.lgbin,350,0.07448959350585938
1037,random graphs/matuszewski/k_by_10/k12/graph37.lgbin,418,0.07465434074401855
1038,random graphs/matuszewski/k_by_10/k12/graph38.lgbin,336,0.07432794570922852
1039,random graphs/matuszewski/k_by_10/k12/graph39.lgbin,367,0.07315206527709961
1040,random graphs/matuszewski/k_by_10/k12/graph40.lgbin,360,0.07361531257629395
1041,random graphs/matuszewski/k_by_10/k12/graph41.lgbin,293,0.07292580604553223
1042,random graphs/matuszewski/k_by_10/k12/graph42.lgbin,359,0.07550311088562012
1043,random graphs/matuszewski/k_by_10/k12/graph43.lgbin,355,0.07456183433532715
1044,random graphs/matuszewski/k_by_10/k12/graph44.lgbin,327,0.07373309135437012
1045,random graphs/matuszewski/k_by_10/k12/graph45.lgbin,377,0.07624650001525879
1046,random graphs/matuszewski/k_by_10/k12/graph46.lgbin,362,0.07279062271118164
1047,random graphs/matuszewski/k_by_10/k12/graph47.lgbin,307,0.07405304908752441
1048,random graphs/matuszewski/k_by_10/k12/graph48.lgbin,348,0.07277989387512207
1049,random graphs/matuszewski/k_by_10/k12/graph49.lgbin,358,0.07410693168640137
1050,random graphs/matuszewski/k_by_10/k12/graph50.lgbin,357,0.07414984703063965
1051,random graphs/matuszewski/k_by_10/k12/graph51.lgbin,408,0.07578563690185547
1052,random graphs/matuszewski/k_by_10/k12/graph52.lgbin,320,0.07344198226928711
1053,random graphs/matuszewski/k_by_10/k12/graph53.lgbin,346,0.07372403144836426
1054,random graphs/matuszewski/k_by_10/k12/graph54.lgbin,335,0.07306814193725586
1055,random graphs/matuszewski/k_by_10/k12/graph55.lgbin,372,0.07674050331115723
1056,random graphs/matuszewski/k_by_10/k12/graph56.lgbin,386,0.07371139526367188
1057,random graphs/matuszewski/k_by_10/k12/graph57.lgbin,343,0.07569289207458496
1058,random graphs/matuszewski/k_by_10/k12/graph58.lgbin,401,0.0808720588684082
1059,random graphs/matuszewski/k_by_10/k12/graph59.lgbin,410,0.07425141334533691
1060,random graphs/matuszewski/k_by_10/k12/graph60.lgbin,388,0.07460975646972656
1061,random graphs/matuszewski/k_by_10/k12/graph61.lgbin,374,0.07507991790771484
1062,random graphs/matuszewski/k_by_10/k12/graph62.lgbin,386,0.07637596130371094
1063,random graphs/matuszewski/k_by_10/k12/graph63.lgbin,375,0.07376432418823242
1064,random graphs/matuszewski/k_by_10/k12/graph64.lgbin,401,0.07575106620788574
1065,random graphs/matuszewski/k_by_10/k12/graph65.lgbin,350,0.07355284690856934
1066,random graphs/matuszewski/k_by_10/k12/graph66.lgbin,344,0.07240033149719238
1067,random graphs/matuszewski/k_by_10/k12/graph67.lgbin,391,0.07236289978027344
1068,random graphs/matuszewski/k_by_10/k12/graph68.lgbin,329,0.0738837718963623
1069,random graphs/matuszewski/k_by_10/k12/graph69.lgbin,349,0.07599878311157227
1070,random graphs/matuszewski/k_by_10/k12/graph70.lgbin,327,0.07369661331176758
1071,random graphs/matuszewski/k_by_10/k12/graph71.lgbin,351,0.0741734504699707
1072,random graphs/matuszewski/k_by_10/k12/graph72.lgbin,338,0.07410407066345215
1073,random graphs/matuszewski/k_by_10/k12/graph73.lgbin,347,0.07445931434631348
1074,random graphs/matuszewski/k_by_10/k12/graph74.lgbin,334,0.07498931884765625
1075,random graphs/matuszewski/k_by_10/k12/graph75.lgbin,338,0.07439494132995605
1076,random graphs/matuszewski/k_by_10/k12/graph76.lgbin,400,0.07445979118347168
1077,random graphs/matuszewski/k_by_10/k12/graph77.lgbin,363,0.07238602638244629
1078,random graphs/matuszewski/k_by_10/k12/graph78.lgbin,324,0.07259750366210938
1079,random graphs/matuszewski/k_by_10/k12/graph79.lgbin,360,0.07517600059509277
1080,random graphs/matuszewski/k_by_10/k12/graph80.lgbin,406,0.07816767692565918
1081,random graphs/matuszewski/k_by_10/k12/graph81.lgbin,343,0.07331967353820801
1082,random graphs/matuszewski/k_by_10/k12/graph82.lgbin,383,0.07802128791809082
1083,random graphs/matuszewski/k_by_10/k12/graph83.lgbin,382,0.07621884346008301
1084,random graphs/matuszewski/k_by_10/k12/graph84.lgbin,345,0.0746457576751709
1085,random graphs/matuszewski/k_by_10/k12/graph85.lgbin,405,0.0771646499633789
1086,random graphs/matuszewski/k_by_10/k12/graph86.lgbin,345,0.07546806335449219
1087,random graphs/matuszewski/k_by_10/k12/graph87.lgbin,386,0.07293176651000977
1088,random graphs/matuszewski/k_by_10/k12/graph88.lgbin,356,0.07615995407104492
1089,random graphs/matuszewski/k_by_10/k12/graph89.lgbin,323,0.07601618766784668
1090,random graphs/matuszewski/k_by_10/k12/graph90.lgbin,367,0.07505655288696289
1091,random graphs/matuszewski/k_by_10/k12/graph91.lgbin,329,0.0773916244506836
1092,random graphs/matuszewski/k_by_10/k12/graph92.lgbin,356,0.07517170906066895
1093,random graphs/matuszewski/k_by_10/k12/graph93.lgbin,422,0.07526874542236328
1094,random graphs/matuszewski/k_by_10/k12/graph94.lgbin,372,0.07460880279541016
1095,random graphs/matuszewski/k_by_10/k12/graph95.lgbin,379,0.07488346099853516
1096,random graphs/matuszewski/k_by_10/k12/graph96.lgbin,352,0.0754845142364502
1097,random graphs/matuszewski/k_by_10/k12/graph97.lgbin,346,0.07554841041564941
1098,random graphs/matuszewski/k_by_10/k12/graph98.lgbin,379,0.07527661323547363
1099,random graphs/matuszewski/k_by_10/k12/graph99.lgbin,296,0.07335305213928223
1100,random graphs/matuszewski/k_by_10/k13/graph0.lgbin,387,0.07971048355102539
1101,random graphs/matuszewski/k_by_10/k13/graph1.lgbin,420,0.08225393295288086
1102,random graphs/matuszewski/k_by_10/k13/graph2.lgbin,388,0.0834808349609375
1103,random graphs/matuszewski/k_by_10/k13/graph3.lgbin,350,0.08110427856445312
1104,random graphs/matuszewski/k_by_10/k13/graph4.lgbin,425,0.08306384086608887
1105,random graphs/matuszewski/k_by_10/k13/graph5.lgbin,364,0.0825498104095459
1106,random graphs/matuszewski/k_by_10/k13/graph6.lgbin,402,0.08041954040527344
1107,random graphs/matuszewski/k_by_10/k13/graph7.lgbin,357,0.08113718032836914
1108,random graphs/matuszewski/k_by_10/k13/graph8.lgbin,404,0.07998490333557129
1109,random graphs/matuszewski/k_by_10/k13/graph9.lgbin,409,0.08262777328491211
1110,random graphs/matuszewski/k_by_10/k13/graph10.lgbin,384,0.08047723770141602
1111,random graphs/matuszewski/k_by_10/k13/graph11.lgbin,375,0.08215045928955078
1112,random graphs/matuszewski/k_by_10/k13/graph12.lgbin,446,0.08322834968566895
1113,random graphs/matuszewski/k_by_10/k13/graph13.lgbin,389,0.08108282089233398
1114,random graphs/matuszewski/k_by_10/k13/graph14.lgbin,400,0.08298516273498535
1115,random graphs/matuszewski/k_by_10/k13/graph15.lgbin,428,0.0811460018157959
1116,random graphs/matuszewski/k_by_10/k13/graph16.lgbin,407,0.08021426200866699
1117,random graphs/matuszewski/k_by_10/k13/graph17.lgbin,385,0.07747101783752441
1118,random graphs/matuszewski/k_by_10/k13/graph18.lgbin,417,0.07756280899047852
1119,random graphs/matuszewski/k_by_10/k13/graph19.lgbin,418,0.07702136039733887
1120,random graphs/matuszewski/k_by_10/k13/graph20.lgbin,441,0.07953238487243652
1121,random graphs/matuszewski/k_by_10/k13/graph21.lgbin,363,0.07772946357727051
1122,random graphs/matuszewski/k_by_10/k13/graph22.lgbin,435,0.08060479164123535
1123,random graphs/matuszewski/k_by_10/k13/graph23.lgbin,399,0.07914161682128906
1124,random graphs/matuszewski/k_by_10/k13/graph24.lgbin,432,0.07908844947814941
1125,random graphs/matuszewski/k_by_10/k13/graph25.lgbin,425,0.07880187034606934
1126,random graphs/matuszewski/k_by_10/k13/graph26.lgbin,388,0.07685399055480957
1127,random graphs/matuszewski/k_by_10/k13/graph27.lgbin,459,0.07824993133544922
1128,random graphs/matuszewski/k_by_10/k13/graph28.lgbin,420,0.07864499092102051
1129,random graphs/matuszewski/k_by_10/k13/graph29.lgbin,388,0.0793910026550293
1130,random graphs/matuszewski/k_by_10/k13/graph30.lgbin,382,0.08038997650146484
1131,random graphs/matuszewski/k_by_10/k13/graph31.lgbin,373,0.0783233642578125
1132,random graphs/matuszewski/k_by_10/k13/graph32.lgbin,396,0.07851982116699219
1133,random graphs/matuszewski/k_by_10/k13/graph33.lgbin,382,0.07757163047790527
1134,random graphs/matuszewski/k_by_10/k13/graph34.lgbin,382,0.07771468162536621
1135,random graphs/matuszewski/k_by_10/k13/graph35.lgbin,424,0.08104944229125977
1136,random graphs/matuszewski/k_by_10/k13/graph36.lgbin,411,0.07901787757873535
1137,random graphs/matuszewski/k_by_10/k13/graph37.lgbin,391,0.07853412628173828
1138,random graphs/matuszewski/k_by_10/k13/graph38.lgbin,394,0.07796740531921387
1139,random graphs/matuszewski/k_by_10/k13/graph39.lgbin,425,0.07947683334350586
1140,random graphs/matuszewski/k_by_10/k13/graph40.lgbin,418,0.08065080642700195
1141,random graphs/matuszewski/k_by_10/k13/graph41.lgbin,433,0.07928752899169922
1142,random graphs/matuszewski/k_by_10/k13/graph42.lgbin,411,0.07795882225036621
1143,random graphs/matuszewski/k_by_10/k13/graph43.lgbin,358,0.07641768455505371
1144,random graphs/matuszewski/k_by_10/k13/graph44.lgbin,359,0.0803840160369873
1145,random graphs/matuszewski/k_by_10/k13/graph45.lgbin,375,0.0766294002532959
1146,random graphs/matuszewski/k_by_10/k13/graph46.lgbin,454,0.07957148551940918
1147,random graphs/matuszewski/k_by_10/k13/graph47.lgbin,360,0.07900738716125488
1148,random graphs/matuszewski/k_by_10/k13/graph48.lgbin,428,0.07766079902648926
1149,random graphs/matuszewski/k_by_10/k13/graph49.lgbin,390,0.07606172561645508
1150,random graphs/matuszewski/k_by_10/k13/graph50.lgbin,392,0.0764303207397461
1151,random graphs/matuszewski/k_by_10/k13/graph51.lgbin,390,0.07721161842346191
1152,random graphs/matuszewski/k_by_10/k13/graph52.lgbin,414,0.0765998363494873
1153,random graphs/matuszewski/k_by_10/k13/graph53.lgbin,333,0.07739734649658203
1154,random graphs/matuszewski/k_by_10/k13/graph54.lgbin,397,0.08015799522399902
1155,random graphs/matuszewski/k_by_10/k13/graph55.lgbin,394,0.0781712532043457
1156,random graphs/matuszewski/k_by_10/k13/graph56.lgbin,374,0.07800102233886719
1157,random graphs/matuszewski/k_by_10/k13/graph57.lgbin,367,0.07855820655822754
1158,random graphs/matuszewski/k_by_10/k13/graph58.lgbin,418,0.07858943939208984
1159,random graphs/matuszewski/k_by_10/k13/graph59.lgbin,395,0.07949256896972656
1160,random graphs/matuszewski/k_by_10/k13/graph60.lgbin,401,0.07864570617675781
1161,random graphs/matuszewski/k_by_10/k13/graph61.lgbin,381,0.07686305046081543
1162,random graphs/matuszewski/k_by_10/k13/graph62.lgbin,369,0.07685303688049316
1163,random graphs/matuszewski/k_by_10/k13/graph63.lgbin,351,0.07723069190979004
1164,random graphs/matuszewski/k_by_10/k13/graph64.lgbin,386,0.07770466804504395
1165,random graphs/matuszewski/k_by_10/k13/graph65.lgbin,389,0.07821989059448242
1166,random graphs/matuszewski/k_by_10/k13/graph66.lgbin,433,0.08000421524047852
1167,random graphs/matuszewski/k_by_10/k13/graph67.lgbin,400,0.07987689971923828
1168,random graphs/matuszewski/k_by_10/k13/graph68.lgbin,416,0.07879042625427246
1169,random graphs/matuszewski/k_by_10/k13/graph69.lgbin,402,0.08070945739746094
1170,random graphs/matuszewski/k_by_10/k13/graph70.lgbin,432,0.08018231391906738
1171,random graphs/matuszewski/k_by_10/k13/graph71.lgbin,370,0.07862281799316406
1172,random graphs/matuszewski/k_by_10/k13/graph72.lgbin,335,0.07733511924743652
1173,random graphs/matuszewski/k_by_10/k13/graph73.lgbin,402,0.07678389549255371
1174,random graphs/matuszewski/k_by_10/k13/graph74.lgbin,491,0.0828254222869873
1175,random graphs/matuszewski/k_by_10/k13/graph75.lgbin,396,0.0794677734375
1176,random graphs/matuszewski/k_by_10/k13/graph76.lgbin,421,0.08258247375488281
1177,random graphs/matuszewski/k_by_10/k13/graph77.lgbin,428,0.07832717895507812
1178,random graphs/matuszewski/k_by_10/k13/graph78.lgbin,371,0.07842135429382324
1179,random graphs/matuszewski/k_by_10/k13/graph79.lgbin,428,0.07901835441589355
1180,random graphs/matuszewski/k_by_10/k13/graph80.lgbin,370,0.0783383846282959
1181,random graphs/matuszewski/k_by_10/k13/graph81.lgbin,414,0.08075761795043945
1182,random graphs/matuszewski/k_by_10/k13/graph82.lgbin,428,0.07972455024719238
1183,random graphs/matuszewski/k_by_10/k13/graph83.lgbin,462,0.08165216445922852
1184,random graphs/matuszewski/k_by_10/k13/graph84.lgbin,447,0.07935667037963867
1185,random graphs/matuszewski/k_by_10/k13/graph85.lgbin,395,0.07934308052062988
1186,random graphs/matuszewski/k_by_10/k13/graph86.lgbin,401,0.08099484443664551
1187,random graphs/matuszewski/k_by_10/k13/graph87.lgbin,386,0.07655477523803711
1188,random graphs/matuszewski/k_by_10/k13/graph88.lgbin,451,0.07988190650939941
1189,random graphs/matuszewski/k_by_10/k13/graph89.lgbin,393,0.08026862144470215
1190,random graphs/matuszewski/k_by_10/k13/graph90.lgbin,362,0.07768893241882324
1191,random graphs/matuszewski/k_by_10/k13/graph91.lgbin,453,0.07792115211486816
1192,random graphs/matuszewski/k_by_10/k13/graph92.lgbin,413,0.07844233512878418
1193,random graphs/matuszewski/k_by_10/k13/graph93.lgbin,406,0.07856273651123047
1194,random graphs/matuszewski/k_by_10/k13/graph94.lgbin,361,0.07685565948486328
1195,random graphs/matuszewski/k_by_10/k13/graph95.lgbin,453,0.07857155799865723
1196,random graphs/matuszewski/k_by_10/k13/graph96.lgbin,390,0.080047607421875
1197,random graphs/matuszewski/k_by_10/k13/graph97.lgbin,399,0.07755684852600098
1198,random graphs/matuszewski/k_by_10/k13/graph98.lgbin,437,0.08061003684997559
1199,random graphs/matuszewski/k_by_10/k13/graph99.lgbin,462,0.07888317108154297
1200,random graphs/matuszewski/k_by_10/k14/graph0.lgbin,463,0.08601880073547363
1201,random graphs/matuszewski/k_by_10/k14/graph1.lgbin,408,0.0845174789428711
1202,random graphs/matuszewski/k_by_10/k14/graph2.lgbin,409,0.08759450912475586
1203,random graphs/matuszewski/k_by_10/k14/graph3.lgbin,436,0.08495783805847168
1204,random graphs/matuszewski/k_by_10/k14/graph4.lgbin,372,0.08396649360656738
1205,random graphs/matuszewski/k_by_10/k14/graph5.lgbin,429,0.08488273620605469
1206,random graphs/matuszewski/k_by_10/k14/graph6.lgbin,411,0.08427739143371582
1207,random graphs/matuszewski/k_by_10/k14/graph7.lgbin,402,0.08475041389465332
1208,random graphs/matuszewski/k_by_10/k14/graph8.lgbin,435,0.08602380752563477
1209,random graphs/matuszewski/k_by_10/k14/graph9.lgbin,458,0.08584117889404297
1210,random graphs/matuszewski/k_by_10/k14/graph10.lgbin,442,0.0850670337677002
1211,random graphs/matuszewski/k_by_10/k14/graph11.lgbin,514,0.08634185791015625
1212,random graphs/matuszewski/k_by_10/k14/graph12.lgbin,486,0.0840752124786377
1213,random graphs/matuszewski/k_by_10/k14/graph13.lgbin,407,0.08422231674194336
1214,random graphs/matuszewski/k_by_10/k14/graph14.lgbin,455,0.08385539054870605
1215,random graphs/matuszewski/k_by_10/k14/graph15.lgbin,448,0.08295440673828125
1216,random graphs/matuszewski/k_by_10/k14/graph16.lgbin,385,0.08310151100158691
1217,random graphs/matuszewski/k_by_10/k14/graph17.lgbin,389,0.08451390266418457
1218,random graphs/matuszewski/k_by_10/k14/graph18.lgbin,431,0.08346199989318848
1219,random graphs/matuszewski/k_by_10/k14/graph19.lgbin,428,0.08902597427368164
1220,random graphs/matuszewski/k_by_10/k14/graph20.lgbin,426,0.08367061614990234
1221,random graphs/matuszewski/k_by_10/k14/graph21.lgbin,384,0.08510875701904297
1222,random graphs/matuszewski/k_by_10/k14/graph22.lgbin,442,0.08422374725341797
1223,random graphs/matuszewski/k_by_10/k14/graph23.lgbin,413,0.0845484733581543
1224,random graphs/matuszewski/k_by_10/k14/graph24.lgbin,466,0.08509397506713867
1225,random graphs/matuszewski/k_by_10/k14/graph25.lgbin,393,0.08472943305969238
1226,random graphs/matuszewski/k_by_10/k14/graph26.lgbin,478,0.08582592010498047
1227,random graphs/matuszewski/k_by_10/k14/graph27.lgbin,438,0.08533692359924316
1228,random graphs/matuszewski/k_by_10/k14/graph28.lgbin,470,0.08525705337524414
1229,random graphs/matuszewski/k_by_10/k14/graph29.lgbin,413,0.0852348804473877
1230,random graphs/matuszewski/k_by_10/k14/graph30.lgbin,463,0.0872490406036377
1231,random graphs/matuszewski/k_by_10/k14/graph31.lgbin,416,0.08655452728271484
1232,random graphs/matuszewski/k_by_10/k14/graph32.lgbin,452,0.08488702774047852
1233,random graphs/matuszewski/k_by_10/k14/graph33.lgbin,395,0.08300590515136719
1234,random graphs/matuszewski/k_by_10/k14/graph34.lgbin,447,0.0851893424987793
1235,random graphs/matuszewski/k_by_10/k14/graph35.lgbin,437,0.08390021324157715
1236,random graphs/matuszewski/k_by_10/k14/graph36.lgbin,432,0.08563041687011719
1237,random graphs/matuszewski/k_by_10/k14/graph37.lgbin,429,0.08483362197875977
1238,random graphs/matuszewski/k_by_10/k14/graph38.lgbin,429,0.0849149227142334
1239,random graphs/matuszewski/k_by_10/k14/graph39.lgbin,465,0.08856678009033203
1240,random graphs/matuszewski/k_by_10/k14/graph40.lgbin,415,0.08385396003723145
1241,random graphs/matuszewski/k_by_10/k14/graph41.lgbin,434,0.08707928657531738
1242,random graphs/matuszewski/k_by_10/k14/graph42.lgbin,457,0.08389401435852051
1243,random graphs/matuszewski/k_by_10/k14/graph43.lgbin,400,0.08347201347351074
1244,random graphs/matuszewski/k_by_10/k14/graph44.lgbin,407,0.08420968055725098
1245,random graphs/matuszewski/k_by_10/k14/graph45.lgbin,470,0.09089517593383789
1246,random graphs/matuszewski/k_by_10/k14/graph46.lgbin,447,0.08412551879882812
1247,random graphs/matuszewski/k_by_10/k14/graph47.lgbin,475,0.08772659301757812
1248,random graphs/matuszewski/k_by_10/k14/graph48.lgbin,419,0.08430171012878418
1249,random graphs/matuszewski/k_by_10/k14/graph49.lgbin,419,0.08249902725219727
1250,random graphs/matuszewski/k_by_10/k14/graph50.lgbin,451,0.08155107498168945
1251,random graphs/matuszewski/k_by_10/k14/graph51.lgbin,438,0.08417558670043945
1252,random graphs/matuszewski/k_by_10/k14/graph52.lgbin,405,0.08306097984313965
1253,random graphs/matuszewski/k_by_10/k14/graph53.lgbin,467,0.08522439002990723
1254,random graphs/matuszewski/k_by_10/k14/graph54.lgbin,444,0.08395886421203613
1255,random graphs/matuszewski/k_by_10/k14/graph55.lgbin,373,0.08352112770080566
1256,random graphs/matuszewski/k_by_10/k14/graph56.lgbin,416,0.08443903923034668
1257,random graphs/matuszewski/k_by_10/k14/graph57.lgbin,451,0.08436346054077148
1258,random graphs/matuszewski/k_by_10/k14/graph58.lgbin,399,0.08252477645874023
1259,random graphs/matuszewski/k_by_10/k14/graph59.lgbin,385,0.08472871780395508
1260,random graphs/matuszewski/k_by_10/k14/graph60.lgbin,437,0.08402156829833984
1261,random graphs/matuszewski/k_by_10/k14/graph61.lgbin,403,0.0826420783996582
1262,random graphs/matuszewski/k_by_10/k14/graph62.lgbin,468,0.08340835571289062
1263,random graphs/matuszewski/k_by_10/k14/graph63.lgbin,464,0.08381533622741699
1264,random graphs/matuszewski/k_by_10/k14/graph64.lgbin,437,0.08597016334533691
1265,random graphs/matuszewski/k_by_10/k14/graph65.lgbin,427,0.08373355865478516
1266,random graphs/matuszewski/k_by_10/k14/graph66.lgbin,425,0.08334708213806152
1267,random graphs/matuszewski/k_by_10/k14/graph67.lgbin,455,0.08306312561035156
1268,random graphs/matuszewski/k_by_10/k14/graph68.lgbin,438,0.08292913436889648
1269,random graphs/matuszewski/k_by_10/k14/graph69.lgbin,462,0.08449101448059082
1270,random graphs/matuszewski/k_by_10/k14/graph70.lgbin,380,0.08423995971679688
1271,random graphs/matuszewski/k_by_10/k14/graph71.lgbin,402,0.0838007926940918
1272,random graphs/matuszewski/k_by_10/k14/graph72.lgbin,422,0.08599591255187988
1273,random graphs/matuszewski/k_by_10/k14/graph73.lgbin,443,0.08432602882385254
1274,random graphs/matuszewski/k_by_10/k14/graph74.lgbin,428,0.08442926406860352
1275,random graphs/matuszewski/k_by_10/k14/graph75.lgbin,426,0.08400964736938477
1276,random graphs/matuszewski/k_by_10/k14/graph76.lgbin,416,0.08573174476623535
1277,random graphs/matuszewski/k_by_10/k14/graph77.lgbin,460,0.0849308967590332
1278,random graphs/matuszewski/k_by_10/k14/graph78.lgbin,477,0.0840914249420166
1279,random graphs/matuszewski/k_by_10/k14/graph79.lgbin,427,0.08686232566833496
1280,random graphs/matuszewski/k_by_10/k14/graph80.lgbin,467,0.08422493934631348
1281,random graphs/matuszewski/k_by_10/k14/graph81.lgbin,432,0.08514833450317383
1282,random graphs/matuszewski/k_by_10/k14/graph82.lgbin,475,0.08622336387634277
1283,random graphs/matuszewski/k_by_10/k14/graph83.lgbin,438,0.08658766746520996
1284,random graphs/matuszewski/k_by_10/k14/graph84.lgbin,426,0.08329629898071289
1285,random graphs/matuszewski/k_by_10/k14/graph85.lgbin,438,0.08571219444274902
1286,random graphs/matuszewski/k_by_10/k14/graph86.lgbin,415,0.08370375633239746
1287,random graphs/matuszewski/k_by_10/k14/graph87.lgbin,422,0.08489084243774414
1288,random graphs/matuszewski/k_by_10/k14/graph88.lgbin,452,0.08372855186462402
1289,random graphs/matuszewski/k_by_10/k14/graph89.lgbin,458,0.08693432807922363
1290,random graphs/matuszewski/k_by_10/k14/graph90.lgbin,448,0.08287739753723145
1291,random graphs/matuszewski/k_by_10/k14/graph91.lgbin,451,0.0846409797668457
1292,random graphs/matuszewski/k_by_10/k14/graph92.lgbin,399,0.08362412452697754
1293,random graphs/matuszewski/k_by_10/k14/graph93.lgbin,442,0.08353447914123535
1294,random graphs/matuszewski/k_by_10/k14/graph94.lgbin,451,0.0835421085357666
1295,random graphs/matuszewski/k_by_10/k14/graph95.lgbin,440,0.08484506607055664
1296,random graphs/matuszewski/k_by_10/k14/graph96.lgbin,411,0.0827188491821289
1297,random graphs/matuszewski/k_by_10/k14/graph97.lgbin,437,0.08563518524169922
1298,random graphs/matuszewski/k_by_10/k14/graph98.lgbin,427,0.08347439765930176
1299,random graphs/matuszewski/k_by_10/k14/graph99.lgbin,481,0.08540129661560059
1300,random graphs/matuszewski/k_by_10/k15/graph0.lgbin,453,0.09014105796813965
1301,random graphs/matuszewski/k_by_10/k15/graph1.lgbin,426,0.0892035961151123
1302,random graphs/matuszewski/k_by_10/k15/graph2.lgbin,393,0.09024858474731445
1303,random graphs/matuszewski/k_by_10/k15/graph3.lgbin,475,0.09087228775024414
1304,random graphs/matuszewski/k_by_10/k15/graph4.lgbin,470,0.0904543399810791
1305,random graphs/matuszewski/k_by_10/k15/graph5.lgbin,427,0.08806538581848145
1306,random graphs/matuszewski/k_by_10/k15/graph6.lgbin,463,0.09021306037902832
1307,random graphs/matuszewski/k_by_10/k15/graph7.lgbin,424,0.09032845497131348
1308,random graphs/matuszewski/k_by_10/k15/graph8.lgbin,467,0.0918421745300293
1309,random graphs/matuszewski/k_by_10/k15/graph9.lgbin,433,0.08967971801757812
1310,random graphs/matuszewski/k_by_10/k15/graph10.lgbin,507,0.09069132804870605
1311,random graphs/matuszewski/k_by_10/k15/graph11.lgbin,447,0.09038043022155762
1312,random graphs/matuszewski/k_by_10/k15/graph12.lgbin,540,0.09424424171447754
1313,random graphs/matuszewski/k_by_10/k15/graph13.lgbin,399,0.09026956558227539
1314,random graphs/matuszewski/k_by_10/k15/graph14.lgbin,470,0.09084653854370117
1315,random graphs/matuszewski/k_by_10/k15/graph15.lgbin,532,0.09256649017333984
1316,random graphs/matuszewski/k_by_10/k15/graph16.lgbin,478,0.08982729911804199
1317,random graphs/matuszewski/k_by_10/k15/graph17.lgbin,483,0.08923125267028809
1318,random graphs/matuszewski/k_by_10/k15/graph18.lgbin,483,0.09079551696777344
1319,random graphs/matuszewski/k_by_10/k15/graph19.lgbin,477,0.09201264381408691
1320,random graphs/matuszewski/k_by_10/k15/graph20.lgbin,438,0.09094381332397461
1321,random graphs/matuszewski/k_by_10/k15/graph21.lgbin,458,0.08859562873840332
1322,random graphs/matuszewski/k_by_10/k15/graph22.lgbin,489,0.08987283706665039
1323,random graphs/matuszewski/k_by_10/k15/graph23.lgbin,431,0.08906698226928711
1324,random graphs/matuszewski/k_by_10/k15/graph24.lgbin,457,0.08913493156433105
1325,random graphs/matuszewski/k_by_10/k15/graph25.lgbin,456,0.09579324722290039
1326,random graphs/matuszewski/k_by_10/k15/graph26.lgbin,479,0.09315204620361328
1327,random graphs/matuszewski/k_by_10/k15/graph27.lgbin,470,0.09102249145507812
1328,random graphs/matuszewski/k_by_10/k15/graph28.lgbin,506,0.0906991958618164
1329,random graphs/matuszewski/k_by_10/k15/graph29.lgbin,492,0.08975434303283691
1330,random graphs/matuszewski/k_by_10/k15/graph30.lgbin,463,0.09051775932312012
1331,random graphs/matuszewski/k_by_10/k15/graph31.lgbin,483,0.0906212329864502
1332,random graphs/matuszewski/k_by_10/k15/graph32.lgbin,474,0.09116482734680176
1333,random graphs/matuszewski/k_by_10/k15/graph33.lgbin,466,0.09301519393920898
1334,random graphs/matuszewski/k_by_10/k15/graph34.lgbin,479,0.08856487274169922
1335,random graphs/matuszewski/k_by_10/k15/graph35.lgbin,467,0.08949828147888184
1336,random graphs/matuszewski/k_by_10/k15/graph36.lgbin,486,0.09045624732971191
1337,random graphs/matuszewski/k_by_10/k15/graph37.lgbin,506,0.09099483489990234
1338,random graphs/matuszewski/k_by_10/k15/graph38.lgbin,493,0.08982014656066895
1339,random graphs/matuszewski/k_by_10/k15/graph39.lgbin,430,0.0897665023803711
1340,random graphs/matuszewski/k_by_10/k15/graph40.lgbin,541,0.09399175643920898
1341,random graphs/matuszewski/k_by_10/k15/graph41.lgbin,469,0.09059262275695801
1342,random graphs/matuszewski/k_by_10/k15/graph42.lgbin,473,0.090362548828125
1343,random graphs/matuszewski/k_by_10/k15/graph43.lgbin,421,0.093109130859375
1344,random graphs/matuszewski/k_by_10/k15/graph44.lgbin,454,0.09524393081665039
1345,random graphs/matuszewski/k_by_10/k15/graph45.lgbin,524,0.0947425365447998
1346,random graphs/matuszewski/k_by_10/k15/graph46.lgbin,433,0.09556818008422852
1347,random graphs/matuszewski/k_by_10/k15/graph47.lgbin,489,0.09865832328796387
1348,random graphs/matuszewski/k_by_10/k15/graph48.lgbin,435,0.09199094772338867
1349,random graphs/matuszewski/k_by_10/k15/graph49.lgbin,480,0.09330415725708008
1350,random graphs/matuszewski/k_by_10/k15/graph50.lgbin,464,0.09377479553222656
1351,random graphs/matuszewski/k_by_10/k15/graph51.lgbin,498,0.09516024589538574
1352,random graphs/matuszewski/k_by_10/k15/graph52.lgbin,459,0.09395861625671387
1353,random graphs/matuszewski/k_by_10/k15/graph53.lgbin,491,0.09357762336730957
1354,random graphs/matuszewski/k_by_10/k15/graph54.lgbin,466,0.09634256362915039
1355,random graphs/matuszewski/k_by_10/k15/graph55.lgbin,445,0.09406018257141113
1356,random graphs/matuszewski/k_by_10/k15/graph56.lgbin,494,0.09697890281677246
1357,random graphs/matuszewski/k_by_10/k15/graph57.lgbin,403,0.09450006484985352
1358,random graphs/matuszewski/k_by_10/k15/graph58.lgbin,490,0.09531426429748535
1359,random graphs/matuszewski/k_by_10/k15/graph59.lgbin,467,0.09765386581420898
1360,random graphs/matuszewski/k_by_10/k15/graph60.lgbin,471,0.09312295913696289
1361,random graphs/matuszewski/k_by_10/k15/graph61.lgbin,407,0.09285664558410645
1362,random graphs/matuszewski/k_by_10/k15/graph62.lgbin,476,0.09389328956604004
1363,random graphs/matuszewski/k_by_10/k15/graph63.lgbin,406,0.09291720390319824
1364,random graphs/matuszewski/k_by_10/k15/graph64.lgbin,486,0.09260940551757812
1365,random graphs/matuszewski/k_by_10/k15/graph65.lgbin,491,0.0914452075958252
1366,random graphs/matuszewski/k_by_10/k15/graph66.lgbin,444,0.09300971031188965
1367,random graphs/matuszewski/k_by_10/k15/graph67.lgbin,476,0.09252333641052246
1368,random graphs/matuszewski/k_by_10/k15/graph68.lgbin,481,0.09515190124511719
1369,random graphs/matuszewski/k_by_10/k15/graph69.lgbin,461,0.09463691711425781
1370,random graphs/matuszewski/k_by_10/k15/graph70.lgbin,490,0.09557390213012695
1371,random graphs/matuszewski/k_by_10/k15/graph71.lgbin,461,0.09638714790344238
1372,random graphs/matuszewski/k_by_10/k15/graph72.lgbin,453,0.09615445137023926
1373,random graphs/matuszewski/k_by_10/k15/graph73.lgbin,445,0.09919190406799316
1374,random graphs/matuszewski/k_by_10/k15/graph74.lgbin,513,0.09939956665039062
1375,random graphs/matuszewski/k_by_10/k15/graph75.lgbin,447,0.09271359443664551
1376,random graphs/matuszewski/k_by_10/k15/graph76.lgbin,437,0.09470152854919434
1377,random graphs/matuszewski/k_by_10/k15/graph77.lgbin,478,0.09596681594848633
1378,random graphs/matuszewski/k_by_10/k15/graph78.lgbin,532,0.09718704223632812
1379,random graphs/matuszewski/k_by_10/k15/graph79.lgbin,502,0.0905609130859375
1380,random graphs/matuszewski/k_by_10/k15/graph80.lgbin,388,0.08989262580871582
1381,random graphs/matuszewski/k_by_10/k15/graph81.lgbin,434,0.08956098556518555
1382,random graphs/matuszewski/k_by_10/k15/graph82.lgbin,447,0.09038853645324707
1383,random graphs/matuszewski/k_by_10/k15/graph83.lgbin,435,0.08968329429626465
1384,random graphs/matuszewski/k_by_10/k15/graph84.lgbin,439,0.08917737007141113
1385,random graphs/matuszewski/k_by_10/k15/graph85.lgbin,460,0.09079670906066895
1386,random graphs/matuszewski/k_by_10/k15/graph86.lgbin,486,0.09023165702819824
1387,random graphs/matuszewski/k_by_10/k15/graph87.lgbin,476,0.0916147232055664
1388,random graphs/matuszewski/k_by_10/k15/graph88.lgbin,438,0.08786821365356445
1389,random graphs/matuszewski/k_by_10/k15/graph89.lgbin,457,0.0899040699005127
1390,random graphs/matuszewski/k_by_10/k15/graph90.lgbin,486,0.09153485298156738
1391,random graphs/matuszewski/k_by_10/k15/graph91.lgbin,488,0.09141826629638672
1392,random graphs/matuszewski/k_by_10/k15/graph92.lgbin,459,0.09019947052001953
1393,random graphs/matuszewski/k_by_10/k15/graph93.lgbin,479,0.09131193161010742
1394,random graphs/matuszewski/k_by_10/k15/graph94.lgbin,476,0.09022331237792969
1395,random graphs/matuszewski/k_by_10/k15/graph95.lgbin,463,0.09097957611083984
1396,random graphs/matuszewski/k_by_10/k15/graph96.lgbin,427,0.08931469917297363
1397,random graphs/matuszewski/k_by_10/k15/graph97.lgbin,487,0.09074735641479492
1398,random graphs/matuszewski/k_by_10/k15/graph98.lgbin,431,0.08771109580993652
1399,random graphs/matuszewski/k_by_10/k15/graph99.lgbin,479,0.08829498291015625
1400,random graphs/matuszewski/k_by_10/k16/graph0.lgbin,544,0.09589791297912598
1401,random graphs/matuszewski/k_by_10/k16/graph1.lgbin,576,0.1005253791809082
1402,random graphs/matuszewski/k_by_10/k16/graph2.lgbin,556,0.098297119140625
1403,random graphs/matuszewski/k_by_10/k16/graph3.lgbin,517,0.09525823593139648
1404,random graphs/matuszewski/k_by_10/k16/graph4.lgbin,488,0.10190057754516602
1405,random graphs/matuszewski/k_by_10/k16/graph5.lgbin,533,0.09446096420288086
1406,random graphs/matuszewski/k_by_10/k16/graph6.lgbin,502,0.0954902172088623
1407,random graphs/matuszewski/k_by_10/k16/graph7.lgbin,499,0.09517240524291992
1408,random graphs/matuszewski/k_by_10/k16/graph8.lgbin,512,0.09701800346374512
1409,random graphs/matuszewski/k_by_10/k16/graph9.lgbin,509,0.09540796279907227
1410,random graphs/matuszewski/k_by_10/k16/graph10.lgbin,517,0.09891080856323242
1411,random graphs/matuszewski/k_by_10/k16/graph11.lgbin,498,0.09654092788696289
1412,random graphs/matuszewski/k_by_10/k16/graph12.lgbin,527,0.09415459632873535
1413,random graphs/matuszewski/k_by_10/k16/graph13.lgbin,538,0.09645295143127441
1414,random graphs/matuszewski/k_by_10/k16/graph14.lgbin,501,0.09817957878112793
1415,random graphs/matuszewski/k_by_10/k16/graph15.lgbin,507,0.09556341171264648
1416,random graphs/matuszewski/k_by_10/k16/graph16.lgbin,428,0.09640645980834961
1417,random graphs/matuszewski/k_by_10/k16/graph17.lgbin,511,0.09673047065734863
1418,random graphs/matuszewski/k_by_10/k16/graph18.lgbin,428,0.09647655487060547
1419,random graphs/matuszewski/k_by_10/k16/graph19.lgbin,483,0.09600543975830078
1420,random graphs/matuszewski/k_by_10/k16/graph20.lgbin,467,0.09569931030273438
1421,random graphs/matuszewski/k_by_10/k16/graph21.lgbin,475,0.0941171646118164
1422,random graphs/matuszewski/k_by_10/k16/graph22.lgbin,486,0.09618330001831055
1423,random graphs/matuszewski/k_by_10/k16/graph23.lgbin,485,0.09662151336669922
1424,random graphs/matuszewski/k_by_10/k16/graph24.lgbin,539,0.09921717643737793
1425,random graphs/matuszewski/k_by_10/k16/graph25.lgbin,420,0.0950932502746582
1426,random graphs/matuszewski/k_by_10/k16/graph26.lgbin,487,0.09937000274658203
1427,random graphs/matuszewski/k_by_10/k16/graph27.lgbin,464,0.09626483917236328
1428,random graphs/matuszewski/k_by_10/k16/graph28.lgbin,495,0.09714508056640625
1429,random graphs/matuszewski/k_by_10/k16/graph29.lgbin,502,0.09799742698669434
1430,random graphs/matuszewski/k_by_10/k16/graph30.lgbin,503,0.09497332572937012
1431,random graphs/matuszewski/k_by_10/k16/graph31.lgbin,543,0.09903669357299805
1432,random graphs/matuszewski/k_by_10/k16/graph32.lgbin,489,0.09802079200744629
1433,random graphs/matuszewski/k_by_10/k16/graph33.lgbin,469,0.09560084342956543
1434,random graphs/matuszewski/k_by_10/k16/graph34.lgbin,562,0.09903526306152344
1435,random graphs/matuszewski/k_by_10/k16/graph35.lgbin,543,0.09534144401550293
1436,random graphs/matuszewski/k_by_10/k16/graph36.lgbin,535,0.09742617607116699
1437,random graphs/matuszewski/k_by_10/k16/graph37.lgbin,505,0.09697151184082031
1438,random graphs/matuszewski/k_by_10/k16/graph38.lgbin,563,0.09670901298522949
1439,random graphs/matuszewski/k_by_10/k16/graph39.lgbin,507,0.09488344192504883
1440,random graphs/matuszewski/k_by_10/k16/graph40.lgbin,548,0.09668397903442383
1441,random graphs/matuszewski/k_by_10/k16/graph41.lgbin,496,0.09540581703186035
1442,random graphs/matuszewski/k_by_10/k16/graph42.lgbin,516,0.0975332260131836
1443,random graphs/matuszewski/k_by_10/k16/graph43.lgbin,479,0.09691429138183594
1444,random graphs/matuszewski/k_by_10/k16/graph44.lgbin,470,0.09767794609069824
1445,random graphs/matuszewski/k_by_10/k16/graph45.lgbin,560,0.10159778594970703
1446,random graphs/matuszewski/k_by_10/k16/graph46.lgbin,442,0.09713029861450195
1447,random graphs/matuszewski/k_by_10/k16/graph47.lgbin,535,0.0975501537322998
1448,random graphs/matuszewski/k_by_10/k16/graph48.lgbin,470,0.10281038284301758
1449,random graphs/matuszewski/k_by_10/k16/graph49.lgbin,579,0.09884214401245117
1450,random graphs/matuszewski/k_by_10/k16/graph50.lgbin,496,0.09856891632080078
1451,random graphs/matuszewski/k_by_10/k16/graph51.lgbin,450,0.09616470336914062
1452,random graphs/matuszewski/k_by_10/k16/graph52.lgbin,496,0.09886431694030762
1453,random graphs/matuszewski/k_by_10/k16/graph53.lgbin,468,0.09869241714477539
1454,random graphs/matuszewski/k_by_10/k16/graph54.lgbin,504,0.1000971794128418
1455,random graphs/matuszewski/k_by_10/k16/graph55.lgbin,498,0.09603428840637207
1456,random graphs/matuszewski/k_by_10/k16/graph56.lgbin,463,0.09811520576477051
1457,random graphs/matuszewski/k_by_10/k16/graph57.lgbin,535,0.09786248207092285
1458,random graphs/matuszewski/k_by_10/k16/graph58.lgbin,487,0.09858131408691406
1459,random graphs/matuszewski/k_by_10/k16/graph59.lgbin,535,0.0984659194946289
1460,random graphs/matuszewski/k_by_10/k16/graph60.lgbin,514,0.09932255744934082
1461,random graphs/matuszewski/k_by_10/k16/graph61.lgbin,546,0.09857749938964844
1462,random graphs/matuszewski/k_by_10/k16/graph62.lgbin,468,0.10037899017333984
1463,random graphs/matuszewski/k_by_10/k16/graph63.lgbin,517,0.09834504127502441
1464,random graphs/matuszewski/k_by_10/k16/graph64.lgbin,542,0.09965705871582031
1465,random graphs/matuszewski/k_by_10/k16/graph65.lgbin,487,0.09611344337463379
1466,random graphs/matuszewski/k_by_10/k16/graph66.lgbin,538,0.09885835647583008
1467,random graphs/matuszewski/k_by_10/k16/graph67.lgbin,505,0.0987541675567627
1468,random graphs/matuszewski/k_by_10/k16/graph68.lgbin,482,0.09992480278015137
1469,random graphs/matuszewski/k_by_10/k16/graph69.lgbin,509,0.09784150123596191
1470,random graphs/matuszewski/k_by_10/k16/graph70.lgbin,462,0.10219311714172363
1471,random graphs/matuszewski/k_by_10/k16/graph71.lgbin,489,0.09656000137329102
1472,random graphs/matuszewski/k_by_10/k16/graph72.lgbin,466,0.10047101974487305
1473,random graphs/matuszewski/k_by_10/k16/graph73.lgbin,538,0.09908032417297363
1474,random graphs/matuszewski/k_by_10/k16/graph74.lgbin,507,0.09821224212646484
1475,random graphs/matuszewski/k_by_10/k16/graph75.lgbin,497,0.09758162498474121
1476,random graphs/matuszewski/k_by_10/k16/graph76.lgbin,474,0.09744930267333984
1477,random graphs/matuszewski/k_by_10/k16/graph77.lgbin,541,0.10049271583557129
1478,random graphs/matuszewski/k_by_10/k16/graph78.lgbin,483,0.09935379028320312
1479,random graphs/matuszewski/k_by_10/k16/graph79.lgbin,478,0.09864020347595215
1480,random graphs/matuszewski/k_by_10/k16/graph80.lgbin,482,0.09827566146850586
1481,random graphs/matuszewski/k_by_10/k16/graph81.lgbin,486,0.09861183166503906
1482,random graphs/matuszewski/k_by_10/k16/graph82.lgbin,497,0.09645533561706543
1483,random graphs/matuszewski/k_by_10/k16/graph83.lgbin,486,0.09708929061889648
1484,random graphs/matuszewski/k_by_10/k16/graph84.lgbin,445,0.09846639633178711
1485,random graphs/matuszewski/k_by_10/k16/graph85.lgbin,471,0.09652924537658691
1486,random graphs/matuszewski/k_by_10/k16/graph86.lgbin,512,0.10100364685058594
1487,random graphs/matuszewski/k_by_10/k16/graph87.lgbin,462,0.09684634208679199
1488,random graphs/matuszewski/k_by_10/k16/graph88.lgbin,577,0.09843587875366211
1489,random graphs/matuszewski/k_by_10/k16/graph89.lgbin,579,0.09746479988098145
1490,random graphs/matuszewski/k_by_10/k16/graph90.lgbin,542,0.10062599182128906
1491,random graphs/matuszewski/k_by_10/k16/graph91.lgbin,516,0.10142016410827637
1492,random graphs/matuszewski/k_by_10/k16/graph92.lgbin,501,0.10240960121154785
1493,random graphs/matuszewski/k_by_10/k16/graph93.lgbin,591,0.10119175910949707
1494,random graphs/matuszewski/k_by_10/k16/graph94.lgbin,515,0.09693074226379395
1495,random graphs/matuszewski/k_by_10/k16/graph95.lgbin,481,0.09576559066772461
1496,random graphs/matuszewski/k_by_10/k16/graph96.lgbin,451,0.09683799743652344
1497,random graphs/matuszewski/k_by_10/k16/graph97.lgbin,466,0.09806299209594727
1498,random graphs/matuszewski/k_by_10/k16/graph98.lgbin,503,0.09652161598205566
1499,random graphs/matuszewski/k_by_10/k16/graph99.lgbin,473,0.0982522964477539
1500,random graphs/matuszewski/k_by_10/k17/graph0.lgbin,545,0.10380792617797852
1501,random graphs/matuszewski/k_by_10/k17/graph1.lgbin,514,0.10315823554992676
1502,random graphs/matuszewski/k_by_10/k17/graph2.lgbin,511,0.10674023628234863
1503,random graphs/matuszewski/k_by_10/k17/graph3.lgbin,529,0.10616064071655273
1504,random graphs/matuszewski/k_by_10/k17/graph4.lgbin,539,0.10370135307312012
1505,random graphs/matuszewski/k_by_10/k17/graph5.lgbin,480,0.10445594787597656
1506,random graphs/matuszewski/k_by_10/k17/graph6.lgbin,544,0.10491490364074707
1507,random graphs/matuszewski/k_by_10/k17/graph7.lgbin,544,0.10361623764038086
1508,random graphs/matuszewski/k_by_10/k17/graph8.lgbin,530,0.10383033752441406
1509,random graphs/matuszewski/k_by_10/k17/graph9.lgbin,515,0.10357546806335449
1510,random graphs/matuszewski/k_by_10/k17/graph10.lgbin,524,0.10588526725769043
1511,random graphs/matuszewski/k_by_10/k17/graph11.lgbin,518,0.10432171821594238
1512,random graphs/matuszewski/k_by_10/k17/graph12.lgbin,584,0.10932421684265137
1513,random graphs/matuszewski/k_by_10/k17/graph13.lgbin,552,0.1051027774810791
1514,random graphs/matuszewski/k_by_10/k17/graph14.lgbin,548,0.10780644416809082
1515,random graphs/matuszewski/k_by_10/k17/graph15.lgbin,580,0.10499095916748047
1516,random graphs/matuszewski/k_by_10/k17/graph16.lgbin,495,0.10476565361022949
1517,random graphs/matuszewski/k_by_10/k17/graph17.lgbin,578,0.10569548606872559
1518,random graphs/matuszewski/k_by_10/k17/graph18.lgbin,562,0.10557794570922852
1519,random graphs/matuszewski/k_by_10/k17/graph19.lgbin,527,0.10516977310180664
1520,random graphs/matuszewski/k_by_10/k17/graph20.lgbin,567,0.10585165023803711
1521,random graphs/matuszewski/k_by_10/k17/graph21.lgbin,534,0.10759758949279785
1522,random graphs/matuszewski/k_by_10/k17/graph22.lgbin,527,0.10344171524047852
1523,random graphs/matuszewski/k_by_10/k17/graph23.lgbin,526,0.10486817359924316
1524,random graphs/matuszewski/k_by_10/k17/graph24.lgbin,497,0.10318946838378906
1525,random graphs/matuszewski/k_by_10/k17/graph25.lgbin,493,0.10407376289367676
1526,random graphs/matuszewski/k_by_10/k17/graph26.lgbin,562,0.10845828056335449
1527,random graphs/matuszewski/k_by_10/k17/graph27.lgbin,524,0.1041724681854248
1528,random graphs/matuszewski/k_by_10/k17/graph28.lgbin,572,0.10622286796569824
1529,random graphs/matuszewski/k_by_10/k17/graph29.lgbin,505,0.10740375518798828
1530,random graphs/matuszewski/k_by_10/k17/graph30.lgbin,568,0.1058661937713623
1531,random graphs/matuszewski/k_by_10/k17/graph31.lgbin,597,0.11226105690002441
1532,random graphs/matuszewski/k_by_10/k17/graph32.lgbin,487,0.10404276847839355
1533,random graphs/matuszewski/k_by_10/k17/graph33.lgbin,506,0.10413765907287598
1534,random graphs/matuszewski/k_by_10/k17/graph34.lgbin,577,0.10534477233886719
1535,random graphs/matuszewski/k_by_10/k17/graph35.lgbin,509,0.10296344757080078
1536,random graphs/matuszewski/k_by_10/k17/graph36.lgbin,494,0.10353899002075195
1537,random graphs/matuszewski/k_by_10/k17/graph37.lgbin,560,0.10351324081420898
1538,random graphs/matuszewski/k_by_10/k17/graph38.lgbin,549,0.10378813743591309
1539,random graphs/matuszewski/k_by_10/k17/graph39.lgbin,563,0.10789203643798828
1540,random graphs/matuszewski/k_by_10/k17/graph40.lgbin,488,0.10324931144714355
1541,random graphs/matuszewski/k_by_10/k17/graph41.lgbin,531,0.10621023178100586
1542,random graphs/matuszewski/k_by_10/k17/graph42.lgbin,610,0.10484647750854492
1543,random graphs/matuszewski/k_by_10/k17/graph43.lgbin,529,0.1030893325805664
1544,random graphs/matuszewski/k_by_10/k17/graph44.lgbin,530,0.10453557968139648
1545,random graphs/matuszewski/k_by_10/k17/graph45.lgbin,600,0.10974001884460449
1546,random graphs/matuszewski/k_by_10/k17/graph46.lgbin,493,0.1039586067199707
1547,random graphs/matuszewski/k_by_10/k17/graph47.lgbin,583,0.10883307456970215
1548,random graphs/matuszewski/k_by_10/k17/graph48.lgbin,553,0.10642194747924805
1549,random graphs/matuszewski/k_by_10/k17/graph49.lgbin,585,0.10822010040283203
1550,random graphs/matuszewski/k_by_10/k17/graph50.lgbin,590,0.11187434196472168
1551,random graphs/matuszewski/k_by_10/k17/graph51.lgbin,560,0.10409379005432129
1552,random graphs/matuszewski/k_by_10/k17/graph52.lgbin,513,0.10682368278503418
1553,random graphs/matuszewski/k_by_10/k17/graph53.lgbin,556,0.10469770431518555
1554,random graphs/matuszewski/k_by_10/k17/graph54.lgbin,545,0.10618948936462402
1555,random graphs/matuszewski/k_by_10/k17/graph55.lgbin,555,0.10397553443908691
1556,random graphs/matuszewski/k_by_10/k17/graph56.lgbin,603,0.10615992546081543
1557,random graphs/matuszewski/k_by_10/k17/graph57.lgbin,542,0.10489797592163086
1558,random graphs/matuszewski/k_by_10/k17/graph58.lgbin,513,0.10389947891235352
1559,random graphs/matuszewski/k_by_10/k17/graph59.lgbin,585,0.10524392127990723
1560,random graphs/matuszewski/k_by_10/k17/graph60.lgbin,545,0.10664582252502441
1561,random graphs/matuszewski/k_by_10/k17/graph61.lgbin,527,0.10631370544433594
1562,random graphs/matuszewski/k_by_10/k17/graph62.lgbin,561,0.10934019088745117
1563,random graphs/matuszewski/k_by_10/k17/graph63.lgbin,553,0.10565471649169922
1564,random graphs/matuszewski/k_by_10/k17/graph64.lgbin,547,0.10773348808288574
1565,random graphs/matuszewski/k_by_10/k17/graph65.lgbin,495,0.10337114334106445
1566,random graphs/matuszewski/k_by_10/k17/graph66.lgbin,542,0.10416936874389648
1567,random graphs/matuszewski/k_by_10/k17/graph67.lgbin,550,0.10563468933105469
1568,random graphs/matuszewski/k_by_10/k17/graph68.lgbin,552,0.10545659065246582
1569,random graphs/matuszewski/k_by_10/k17/graph69.lgbin,539,0.10975003242492676
1570,random graphs/matuszewski/k_by_10/k17/graph70.lgbin,569,0.10791444778442383
1571,random graphs/matuszewski/k_by_10/k17/graph71.lgbin,463,0.10338783264160156
1572,random graphs/matuszewski/k_by_10/k17/graph72.lgbin,478,0.1047673225402832
1573,random graphs/matuszewski/k_by_10/k17/graph73.lgbin,517,0.10439777374267578
1574,random graphs/matuszewski/k_by_10/k17/graph74.lgbin,558,0.10484051704406738
1575,random graphs/matuszewski/k_by_10/k17/graph75.lgbin,504,0.1058967113494873
1576,random graphs/matuszewski/k_by_10/k17/graph76.lgbin,556,0.10552978515625
1577,random graphs/matuszewski/k_by_10/k17/graph77.lgbin,563,0.10337281227111816
1578,random graphs/matuszewski/k_by_10/k17/graph78.lgbin,528,0.10335183143615723
1579,random graphs/matuszewski/k_by_10/k17/graph79.lgbin,609,0.10760188102722168
1580,random graphs/matuszewski/k_by_10/k17/graph80.lgbin,572,0.10442161560058594
1581,random graphs/matuszewski/k_by_10/k17/graph81.lgbin,509,0.10671162605285645
1582,random graphs/matuszewski/k_by_10/k17/graph82.lgbin,540,0.10792088508605957
1583,random graphs/matuszewski/k_by_10/k17/graph83.lgbin,501,0.10333895683288574
1584,random graphs/matuszewski/k_by_10/k17/graph84.lgbin,530,0.10239529609680176
1585,random graphs/matuszewski/k_by_10/k17/graph85.lgbin,472,0.10384345054626465
1586,random graphs/matuszewski/k_by_10/k17/graph86.lgbin,523,0.10178446769714355
1587,random graphs/matuszewski/k_by_10/k17/graph87.lgbin,511,0.10338258743286133
1588,random graphs/matuszewski/k_by_10/k17/graph88.lgbin,504,0.10793066024780273
1589,random graphs/matuszewski/k_by_10/k17/graph89.lgbin,480,0.10261368751525879
1590,random graphs/matuszewski/k_by_10/k17/graph90.lgbin,568,0.10454654693603516
1591,random graphs/matuszewski/k_by_10/k17/graph91.lgbin,540,0.10361623764038086
1592,random graphs/matuszewski/k_by_10/k17/graph92.lgbin,553,0.10513639450073242
1593,random graphs/matuszewski/k_by_10/k17/graph93.lgbin,543,0.10284781455993652
1594,random graphs/matuszewski/k_by_10/k17/graph94.lgbin,509,0.10518383979797363
1595,random graphs/matuszewski/k_by_10/k17/graph95.lgbin,536,0.10642814636230469
1596,random graphs/matuszewski/k_by_10/k17/graph96.lgbin,480,0.10539054870605469
1597,random graphs/matuszewski/k_by_10/k17/graph97.lgbin,522,0.10330772399902344
1598,random graphs/matuszewski/k_by_10/k17/graph98.lgbin,508,0.10425114631652832
1599,random graphs/matuszewski/k_by_10/k17/graph99.lgbin,578,0.10582852363586426
1600,random graphs/matuszewski/k_by_10/k18/graph0.lgbin,571,0.10988831520080566
1601,random graphs/matuszewski/k_by_10/k18/graph1.lgbin,629,0.10948014259338379
1602,random graphs/matuszewski/k_by_10/k18/graph2.lgbin,572,0.10882687568664551
1603,random graphs/matuszewski/k_by_10/k18/graph3.lgbin,595,0.11374068260192871
1604,random graphs/matuszewski/k_by_10/k18/graph4.lgbin,512,0.1086735725402832
1605,random graphs/matuszewski/k_by_10/k18/graph5.lgbin,587,0.10958456993103027
1606,random graphs/matuszewski/k_by_10/k18/graph6.lgbin,592,0.11033272743225098
1607,random graphs/matuszewski/k_by_10/k18/graph7.lgbin,573,0.11672258377075195
1608,random graphs/matuszewski/k_by_10/k18/graph8.lgbin,624,0.11196088790893555
1609,random graphs/matuszewski/k_by_10/k18/graph9.lgbin,562,0.11089658737182617
1610,random graphs/matuszewski/k_by_10/k18/graph10.lgbin,556,0.1107938289642334
1611,random graphs/matuszewski/k_by_10/k18/graph11.lgbin,569,0.11032533645629883
1612,random graphs/matuszewski/k_by_10/k18/graph12.lgbin,546,0.10896801948547363
1613,random graphs/matuszewski/k_by_10/k18/graph13.lgbin,576,0.10893464088439941
1614,random graphs/matuszewski/k_by_10/k18/graph14.lgbin,538,0.10770797729492188
1615,random graphs/matuszewski/k_by_10/k18/graph15.lgbin,546,0.11017251014709473
1616,random graphs/matuszewski/k_by_10/k18/graph16.lgbin,539,0.10901141166687012
1617,random graphs/matuszewski/k_by_10/k18/graph17.lgbin,533,0.10970544815063477
1618,random graphs/matuszewski/k_by_10/k18/graph18.lgbin,572,0.10999536514282227
1619,random graphs/matuszewski/k_by_10/k18/graph19.lgbin,582,0.11120295524597168
1620,random graphs/matuszewski/k_by_10/k18/graph20.lgbin,578,0.10940885543823242
1621,random graphs/matuszewski/k_by_10/k18/graph21.lgbin,627,0.11332893371582031
1622,random graphs/matuszewski/k_by_10/k18/graph22.lgbin,501,0.10794925689697266
1623,random graphs/matuszewski/k_by_10/k18/graph23.lgbin,568,0.10885858535766602
1624,random graphs/matuszewski/k_by_10/k18/graph24.lgbin,536,0.1092839241027832
1625,random graphs/matuszewski/k_by_10/k18/graph25.lgbin,546,0.10962939262390137
1626,random graphs/matuszewski/k_by_10/k18/graph26.lgbin,564,0.11540842056274414
1627,random graphs/matuszewski/k_by_10/k18/graph27.lgbin,495,0.10885381698608398
1628,random graphs/matuszewski/k_by_10/k18/graph28.lgbin,540,0.10805988311767578
1629,random graphs/matuszewski/k_by_10/k18/graph29.lgbin,567,0.1132349967956543
1630,random graphs/matuszewski/k_by_10/k18/graph30.lgbin,590,0.10919809341430664
1631,random graphs/matuszewski/k_by_10/k18/graph31.lgbin,586,0.10898637771606445
1632,random graphs/matuszewski/k_by_10/k18/graph32.lgbin,527,0.11053895950317383
1633,random graphs/matuszewski/k_by_10/k18/graph33.lgbin,586,0.1116631031036377
1634,random graphs/matuszewski/k_by_10/k18/graph34.lgbin,579,0.10947966575622559
1635,random graphs/matuszewski/k_by_10/k18/graph35.lgbin,538,0.11088037490844727
1636,random graphs/matuszewski/k_by_10/k18/graph36.lgbin,588,0.11132979393005371
1637,random graphs/matuszewski/k_by_10/k18/graph37.lgbin,528,0.10742545127868652
1638,random graphs/matuszewski/k_by_10/k18/graph38.lgbin,566,0.10805416107177734
1639,random graphs/matuszewski/k_by_10/k18/graph39.lgbin,650,0.11115455627441406
1640,random graphs/matuszewski/k_by_10/k18/graph40.lgbin,582,0.10821366310119629
1641,random graphs/matuszewski/k_by_10/k18/graph41.lgbin,529,0.10723996162414551
1642,random graphs/matuszewski/k_by_10/k18/graph42.lgbin,544,0.10975217819213867
1643,random graphs/matuszewski/k_by_10/k18/graph43.lgbin,500,0.1099393367767334
1644,random graphs/matuszewski/k_by_10/k18/graph44.lgbin,583,0.10869264602661133
1645,random graphs/matuszewski/k_by_10/k18/graph45.lgbin,581,0.11341047286987305
1646,random graphs/matuszewski/k_by_10/k18/graph46.lgbin,547,0.11067533493041992
1647,random graphs/matuszewski/k_by_10/k18/graph47.lgbin,634,0.11176061630249023
1648,random graphs/matuszewski/k_by_10/k18/graph48.lgbin,560,0.10912466049194336
1649,random graphs/matuszewski/k_by_10/k18/graph49.lgbin,521,0.10877490043640137
1650,random graphs/matuszewski/k_by_10/k18/graph50.lgbin,571,0.10593938827514648
1651,random graphs/matuszewski/k_by_10/k18/graph51.lgbin,560,0.1092374324798584
1652,random graphs/matuszewski/k_by_10/k18/graph52.lgbin,579,0.11001062393188477
1653,random graphs/matuszewski/k_by_10/k18/graph53.lgbin,535,0.11043405532836914
1654,random graphs/matuszewski/k_by_10/k18/graph54.lgbin,567,0.10962128639221191
1655,random graphs/matuszewski/k_by_10/k18/graph55.lgbin,599,0.1093447208404541
1656,random graphs/matuszewski/k_by_10/k18/graph56.lgbin,567,0.10820674896240234
1657,random graphs/matuszewski/k_by_10/k18/graph57.lgbin,655,0.11285209655761719
1658,random graphs/matuszewski/k_by_10/k18/graph58.lgbin,586,0.11060833930969238
1659,random graphs/matuszewski/k_by_10/k18/graph59.lgbin,546,0.10980772972106934
1660,random graphs/matuszewski/k_by_10/k18/graph60.lgbin,564,0.10804867744445801
1661,random graphs/matuszewski/k_by_10/k18/graph61.lgbin,540,0.11000728607177734
1662,random graphs/matuszewski/k_by_10/k18/graph62.lgbin,529,0.10954117774963379
1663,random graphs/matuszewski/k_by_10/k18/graph63.lgbin,591,0.10961246490478516
1664,random graphs/matuszewski/k_by_10/k18/graph64.lgbin,587,0.11378169059753418
1665,random graphs/matuszewski/k_by_10/k18/graph65.lgbin,567,0.1107029914855957
1666,random graphs/matuszewski/k_by_10/k18/graph66.lgbin,551,0.10914325714111328
1667,random graphs/matuszewski/k_by_10/k18/graph67.lgbin,545,0.10897397994995117
1668,random graphs/matuszewski/k_by_10/k18/graph68.lgbin,504,0.11018848419189453
1669,random graphs/matuszewski/k_by_10/k18/graph69.lgbin,624,0.11388015747070312
1670,random graphs/matuszewski/k_by_10/k18/graph70.lgbin,562,0.11132931709289551
1671,random graphs/matuszewski/k_by_10/k18/graph71.lgbin,614,0.11458206176757812
1672,random graphs/matuszewski/k_by_10/k18/graph72.lgbin,547,0.11116600036621094
1673,random graphs/matuszewski/k_by_10/k18/graph73.lgbin,535,0.10780072212219238
1674,random graphs/matuszewski/k_by_10/k18/graph74.lgbin,555,0.10754084587097168
1675,random graphs/matuszewski/k_by_10/k18/graph75.lgbin,585,0.10866069793701172
1676,random graphs/matuszewski/k_by_10/k18/graph76.lgbin,648,0.11104488372802734
1677,random graphs/matuszewski/k_by_10/k18/graph77.lgbin,607,0.11167359352111816
1678,random graphs/matuszewski/k_by_10/k18/graph78.lgbin,601,0.10899829864501953
1679,random graphs/matuszewski/k_by_10/k18/graph79.lgbin,519,0.10736727714538574
1680,random graphs/matuszewski/k_by_10/k18/graph80.lgbin,588,0.11003684997558594
1681,random graphs/matuszewski/k_by_10/k18/graph81.lgbin,495,0.10792207717895508
1682,random graphs/matuszewski/k_by_10/k18/graph82.lgbin,559,0.11417961120605469
1683,random graphs/matuszewski/k_by_10/k18/graph83.lgbin,549,0.11462116241455078
1684,random graphs/matuszewski/k_by_10/k18/graph84.lgbin,601,0.10771322250366211
1685,random graphs/matuszewski/k_by_10/k18/graph85.lgbin,509,0.1094362735748291
1686,random graphs/matuszewski/k_by_10/k18/graph86.lgbin,588,0.11078548431396484
1687,random graphs/matuszewski/k_by_10/k18/graph87.lgbin,552,0.11034846305847168
1688,random graphs/matuszewski/k_by_10/k18/graph88.lgbin,601,0.10983633995056152
1689,random graphs/matuszewski/k_by_10/k18/graph89.lgbin,610,0.11133575439453125
1690,random graphs/matuszewski/k_by_10/k18/graph90.lgbin,604,0.11039495468139648
1691,random graphs/matuszewski/k_by_10/k18/graph91.lgbin,577,0.10851073265075684
1692,random graphs/matuszewski/k_by_10/k18/graph92.lgbin,586,0.10808444023132324
1693,random graphs/matuszewski/k_by_10/k18/graph93.lgbin,553,0.10879087448120117
1694,random graphs/matuszewski/k_by_10/k18/graph94.lgbin,569,0.10903239250183105
1695,random graphs/matuszewski/k_by_10/k18/graph95.lgbin,603,0.11093711853027344
1696,random graphs/matuszewski/k_by_10/k18/graph96.lgbin,519,0.10886716842651367
1697,random graphs/matuszewski/k_by_10/k18/graph97.lgbin,552,0.11151361465454102
1698,random graphs/matuszewski/k_by_10/k18/graph98.lgbin,543,0.1087808609008789
1699,random graphs/matuszewski/k_by_10/k18/graph99.lgbin,562,0.10783910751342773
1700,random graphs/matuszewski/k_by_10/k19/graph0.lgbin,661,0.1199789047241211
1701,random graphs/matuszewski/k_by_10/k19/graph1.lgbin,601,0.11670541763305664
1702,random graphs/matuszewski/k_by_10/k19/graph2.lgbin,575,0.12256574630737305
1703,random graphs/matuszewski/k_by_10/k19/graph3.lgbin,641,0.11690902709960938
1704,random graphs/matuszewski/k_by_10/k19/graph4.lgbin,608,0.1154789924621582
1705,random graphs/matuszewski/k_by_10/k19/graph5.lgbin,608,0.11286687850952148
1706,random graphs/matuszewski/k_by_10/k19/graph6.lgbin,641,0.12025165557861328
1707,random graphs/matuszewski/k_by_10/k19/graph7.lgbin,631,0.11672425270080566
1708,random graphs/matuszewski/k_by_10/k19/graph8.lgbin,559,0.11367368698120117
1709,random graphs/matuszewski/k_by_10/k19/graph9.lgbin,589,0.11737728118896484
1710,random graphs/matuszewski/k_by_10/k19/graph10.lgbin,633,0.11629652976989746
1711,random graphs/matuszewski/k_by_10/k19/graph11.lgbin,666,0.11934947967529297
1712,random graphs/matuszewski/k_by_10/k19/graph12.lgbin,640,0.11604547500610352
1713,random graphs/matuszewski/k_by_10/k19/graph13.lgbin,636,0.11748099327087402
1714,random graphs/matuszewski/k_by_10/k19/graph14.lgbin,595,0.11618542671203613
1715,random graphs/matuszewski/k_by_10/k19/graph15.lgbin,626,0.11394071578979492
1716,random graphs/matuszewski/k_by_10/k19/graph16.lgbin,612,0.11627817153930664
1717,random graphs/matuszewski/k_by_10/k19/graph17.lgbin,575,0.11432313919067383
1718,random graphs/matuszewski/k_by_10/k19/graph18.lgbin,599,0.1157538890838623
1719,random graphs/matuszewski/k_by_10/k19/graph19.lgbin,579,0.11596846580505371
1720,random graphs/matuszewski/k_by_10/k19/graph20.lgbin,614,0.11548662185668945
1721,random graphs/matuszewski/k_by_10/k19/graph21.lgbin,566,0.11829614639282227
1722,random graphs/matuszewski/k_by_10/k19/graph22.lgbin,644,0.11919784545898438
1723,random graphs/matuszewski/k_by_10/k19/graph23.lgbin,632,0.11674022674560547
1724,random graphs/matuszewski/k_by_10/k19/graph24.lgbin,595,0.11681842803955078
1725,random graphs/matuszewski/k_by_10/k19/graph25.lgbin,687,0.11649537086486816
1726,random graphs/matuszewski/k_by_10/k19/graph26.lgbin,619,0.1166989803314209
1727,random graphs/matuszewski/k_by_10/k19/graph27.lgbin,598,0.1170351505279541
1728,random graphs/matuszewski/k_by_10/k19/graph28.lgbin,589,0.11831951141357422
1729,random graphs/matuszewski/k_by_10/k19/graph29.lgbin,599,0.11434078216552734
1730,random graphs/matuszewski/k_by_10/k19/graph30.lgbin,563,0.11584663391113281
1731,random graphs/matuszewski/k_by_10/k19/graph31.lgbin,622,0.11707496643066406
1732,random graphs/matuszewski/k_by_10/k19/graph32.lgbin,572,0.11548900604248047
1733,random graphs/matuszewski/k_by_10/k19/graph33.lgbin,615,0.11518311500549316
1734,random graphs/matuszewski/k_by_10/k19/graph34.lgbin,669,0.11600208282470703
1735,random graphs/matuszewski/k_by_10/k19/graph35.lgbin,528,0.11638522148132324
1736,random graphs/matuszewski/k_by_10/k19/graph36.lgbin,557,0.11847686767578125
1737,random graphs/matuszewski/k_by_10/k19/graph37.lgbin,624,0.11787676811218262
1738,random graphs/matuszewski/k_by_10/k19/graph38.lgbin,618,0.11744475364685059
1739,random graphs/matuszewski/k_by_10/k19/graph39.lgbin,617,0.11417555809020996
1740,random graphs/matuszewski/k_by_10/k19/graph40.lgbin,561,0.1197817325592041
1741,random graphs/matuszewski/k_by_10/k19/graph41.lgbin,569,0.11432170867919922
1742,random graphs/matuszewski/k_by_10/k19/graph42.lgbin,530,0.11727380752563477
1743,random graphs/matuszewski/k_by_10/k19/graph43.lgbin,601,0.1158914566040039
1744,random graphs/matuszewski/k_by_10/k19/graph44.lgbin,597,0.11895513534545898
1745,random graphs/matuszewski/k_by_10/k19/graph45.lgbin,595,0.11685705184936523
1746,random graphs/matuszewski/k_by_10/k19/graph46.lgbin,637,0.11748051643371582
1747,random graphs/matuszewski/k_by_10/k19/graph47.lgbin,612,0.1144406795501709
1748,random graphs/matuszewski/k_by_10/k19/graph48.lgbin,638,0.11534380912780762
1749,random graphs/matuszewski/k_by_10/k19/graph49.lgbin,586,0.11767315864562988
1750,random graphs/matuszewski/k_by_10/k19/graph50.lgbin,592,0.11552071571350098
1751,random graphs/matuszewski/k_by_10/k19/graph51.lgbin,599,0.11735391616821289
1752,random graphs/matuszewski/k_by_10/k19/graph52.lgbin,618,0.11726975440979004
1753,random graphs/matuszewski/k_by_10/k19/graph53.lgbin,623,0.11767697334289551
1754,random graphs/matuszewski/k_by_10/k19/graph54.lgbin,634,0.11992430686950684
1755,random graphs/matuszewski/k_by_10/k19/graph55.lgbin,559,0.12052559852600098
1756,random graphs/matuszewski/k_by_10/k19/graph56.lgbin,525,0.12072277069091797
1757,random graphs/matuszewski/k_by_10/k19/graph57.lgbin,666,0.12380099296569824
1758,random graphs/matuszewski/k_by_10/k19/graph58.lgbin,607,0.11960649490356445
1759,random graphs/matuszewski/k_by_10/k19/graph59.lgbin,530,0.12297606468200684
1760,random graphs/matuszewski/k_by_10/k19/graph60.lgbin,590,0.11825752258300781
1761,random graphs/matuszewski/k_by_10/k19/graph61.lgbin,631,0.12083220481872559
1762,random graphs/matuszewski/k_by_10/k19/graph62.lgbin,630,0.11928510665893555
1763,random graphs/matuszewski/k_by_10/k19/graph63.lgbin,598,0.12202048301696777
1764,random graphs/matuszewski/k_by_10/k19/graph64.lgbin,585,0.11896967887878418
1765,random graphs/matuszewski/k_by_10/k19/graph65.lgbin,676,0.12347292900085449
1766,random graphs/matuszewski/k_by_10/k19/graph66.lgbin,545,0.11963796615600586
1767,random graphs/matuszewski/k_by_10/k19/graph67.lgbin,657,0.11808943748474121
1768,random graphs/matuszewski/k_by_10/k19/graph68.lgbin,600,0.12041211128234863
1769,random graphs/matuszewski/k_by_10/k19/graph69.lgbin,643,0.12167119979858398
1770,random graphs/matuszewski/k_by_10/k19/graph70.lgbin,616,0.1199958324432373
1771,random graphs/matuszewski/k_by_10/k19/graph71.lgbin,563,0.12050867080688477
1772,random graphs/matuszewski/k_by_10/k19/graph72.lgbin,628,0.11923360824584961
1773,random graphs/matuszewski/k_by_10/k19/graph73.lgbin,635,0.12110567092895508
1774,random graphs/matuszewski/k_by_10/k19/graph74.lgbin,641,0.12419772148132324
1775,random graphs/matuszewski/k_by_10/k19/graph75.lgbin,634,0.12019515037536621
1776,random graphs/matuszewski/k_by_10/k19/graph76.lgbin,660,0.12011194229125977
1777,random graphs/matuszewski/k_by_10/k19/graph77.lgbin,586,0.11941409111022949
1778,random graphs/matuszewski/k_by_10/k19/graph78.lgbin,641,0.12601089477539062
1779,random graphs/matuszewski/k_by_10/k19/graph79.lgbin,625,0.12045836448669434
1780,random graphs/matuszewski/k_by_10/k19/graph80.lgbin,678,0.12120389938354492
1781,random graphs/matuszewski/k_by_10/k19/graph81.lgbin,589,0.11875748634338379
1782,random graphs/matuszewski/k_by_10/k19/graph82.lgbin,630,0.1205909252166748
1783,random graphs/matuszewski/k_by_10/k19/graph83.lgbin,611,0.11985349655151367
1784,random graphs/matuszewski/k_by_10/k19/graph84.lgbin,709,0.1215825080871582
1785,random graphs/matuszewski/k_by_10/k19/graph85.lgbin,601,0.12207961082458496
1786,random graphs/matuszewski/k_by_10/k19/graph86.lgbin,610,0.12003540992736816
1787,random graphs/matuszewski/k_by_10/k19/graph87.lgbin,608,0.12231302261352539
1788,random graphs/matuszewski/k_by_10/k19/graph88.lgbin,635,0.12020230293273926
1789,random graphs/matuszewski/k_by_10/k19/graph89.lgbin,564,0.1197357177734375
1790,random graphs/matuszewski/k_by_10/k19/graph90.lgbin,691,0.12081623077392578
1791,random graphs/matuszewski/k_by_10/k19/graph91.lgbin,654,0.12281060218811035
1792,random graphs/matuszewski/k_by_10/k19/graph92.lgbin,571,0.12111878395080566
1793,random graphs/matuszewski/k_by_10/k19/graph93.lgbin,628,0.12096333503723145
1794,random graphs/matuszewski/k_by_10/k19/graph94.lgbin,605,0.11877083778381348
1795,random graphs/matuszewski/k_by_10/k19/graph95.lgbin,605,0.11804866790771484
1796,random graphs/matuszewski/k_by_10/k19/graph96.lgbin,580,0.12096881866455078
1797,random graphs/matuszewski/k_by_10/k19/graph97.lgbin,584,0.12228512763977051
1798,random graphs/matuszewski/k_by_10/k19/graph98.lgbin,564,0.1183316707611084
1799,random graphs/matuszewski/k_by_10/k19/graph99.lgbin,674,0.12166285514831543
1800,random graphs/matuszewski/k_by_10/k20/graph0.lgbin,612,0.1261301040649414
1801,random graphs/matuszewski/k_by_10/k20/graph1.lgbin,645,0.1268303394317627
1802,random graphs/matuszewski/k_by_10/k20/graph2.lgbin,603,0.12743663787841797
1803,random graphs/matuszewski/k_by_10/k20/graph3.lgbin,669,0.12633323669433594
1804,random graphs/matuszewski/k_by_10/k20/graph4.lgbin,626,0.12665653228759766
1805,random graphs/matuszewski/k_by_10/k20/graph5.lgbin,638,0.1246788501739502
1806,random graphs/matuszewski/k_by_10/k20/graph6.lgbin,656,0.1265854835510254
1807,random graphs/matuszewski/k_by_10/k20/graph7.lgbin,695,0.12761569023132324
1808,random graphs/matuszewski/k_by_10/k20/graph8.lgbin,705,0.12578296661376953
1809,random graphs/matuszewski/k_by_10/k20/graph9.lgbin,626,0.12633514404296875
1810,random graphs/matuszewski/k_by_10/k20/graph10.lgbin,690,0.13062405586242676
1811,random graphs/matuszewski/k_by_10/k20/graph11.lgbin,629,0.12682151794433594
1812,random graphs/matuszewski/k_by_10/k20/graph12.lgbin,651,0.1266169548034668
1813,random graphs/matuszewski/k_by_10/k20/graph13.lgbin,631,0.12803387641906738
1814,random graphs/matuszewski/k_by_10/k20/graph14.lgbin,593,0.13014793395996094
1815,random graphs/matuszewski/k_by_10/k20/graph15.lgbin,663,0.12627482414245605
1816,random graphs/matuszewski/k_by_10/k20/graph16.lgbin,610,0.12486529350280762
1817,random graphs/matuszewski/k_by_10/k20/graph17.lgbin,622,0.1305243968963623
1818,random graphs/matuszewski/k_by_10/k20/graph18.lgbin,596,0.13155531883239746
1819,random graphs/matuszewski/k_by_10/k20/graph19.lgbin,623,0.1320202350616455
1820,random graphs/matuszewski/k_by_10/k20/graph20.lgbin,653,0.12934589385986328
1821,random graphs/matuszewski/k_by_10/k20/graph21.lgbin,618,0.12508082389831543
1822,random graphs/matuszewski/k_by_10/k20/graph22.lgbin,732,0.12735724449157715
1823,random graphs/matuszewski/k_by_10/k20/graph23.lgbin,663,0.12810540199279785
1824,random graphs/matuszewski/k_by_10/k20/graph24.lgbin,627,0.12484049797058105
1825,random graphs/matuszewski/k_by_10/k20/graph25.lgbin,613,0.12520551681518555
1826,random graphs/matuszewski/k_by_10/k20/graph26.lgbin,567,0.12484622001647949
1827,random graphs/matuszewski/k_by_10/k20/graph27.lgbin,700,0.12746930122375488
1828,random graphs/matuszewski/k_by_10/k20/graph28.lgbin,647,0.1260848045349121
1829,random graphs/matuszewski/k_by_10/k20/graph29.lgbin,640,0.12817049026489258
1830,random graphs/matuszewski/k_by_10/k20/graph30.lgbin,647,0.12620234489440918
1831,random graphs/matuszewski/k_by_10/k20/graph31.lgbin,686,0.13540315628051758
1832,random graphs/matuszewski/k_by_10/k20/graph32.lgbin,646,0.1258862018585205
1833,random graphs/matuszewski/k_by_10/k20/graph33.lgbin,567,0.12384247779846191
1834,random graphs/matuszewski/k_by_10/k20/graph34.lgbin,692,0.1281278133392334
1835,random graphs/matuszewski/k_by_10/k20/graph35.lgbin,590,0.12647652626037598
1836,random graphs/matuszewski/k_by_10/k20/graph36.lgbin,663,0.12644243240356445
1837,random graphs/matuszewski/k_by_10/k20/graph37.lgbin,597,0.12658452987670898
1838,random graphs/matuszewski/k_by_10/k20/graph38.lgbin,603,0.12676548957824707
1839,random graphs/matuszewski/k_by_10/k20/graph39.lgbin,633,0.12689852714538574
1840,random graphs/matuszewski/k_by_10/k20/graph40.lgbin,689,0.12915921211242676
1841,random graphs/matuszewski/k_by_10/k20/graph41.lgbin,700,0.12781834602355957
1842,random graphs/matuszewski/k_by_10/k20/graph42.lgbin,682,0.12652134895324707
1843,random graphs/matuszewski/k_by_10/k20/graph43.lgbin,668,0.12800979614257812
1844,random graphs/matuszewski/k_by_10/k20/graph44.lgbin,651,0.12531495094299316
1845,random graphs/matuszewski/k_by_10/k20/graph45.lgbin,684,0.13026118278503418
1846,random graphs/matuszewski/k_by_10/k20/graph46.lgbin,646,0.12706422805786133
1847,random graphs/matuszewski/k_by_10/k20/graph47.lgbin,681,0.12801146507263184
1848,random graphs/matuszewski/k_by_10/k20/graph48.lgbin,691,0.12866759300231934
1849,random graphs/matuszewski/k_by_10/k20/graph49.lgbin,648,0.12628173828125
1850,random graphs/matuszewski/k_by_10/k20/graph50.lgbin,617,0.12442660331726074
1851,random graphs/matuszewski/k_by_10/k20/graph51.lgbin,637,0.13202333450317383
1852,random graphs/matuszewski/k_by_10/k20/graph52.lgbin,656,0.12786126136779785
1853,random graphs/matuszewski/k_by_10/k20/graph53.lgbin,671,0.12599754333496094
1854,random graphs/matuszewski/k_by_10/k20/graph54.lgbin,619,0.12670564651489258
1855,random graphs/matuszewski/k_by_10/k20/graph55.lgbin,581,0.12557148933410645
1856,random graphs/matuszewski/k_by_10/k20/graph56.lgbin,599,0.12451457977294922
1857,random graphs/matuszewski/k_by_10/k20/graph57.lgbin,638,0.12641429901123047
1858,random graphs/matuszewski/k_by_10/k20/graph58.lgbin,647,0.12570500373840332
1859,random graphs/matuszewski/k_by_10/k20/graph59.lgbin,649,0.12888813018798828
1860,random graphs/matuszewski/k_by_10/k20/graph60.lgbin,645,0.12897324562072754
1861,random graphs/matuszewski/k_by_10/k20/graph61.lgbin,695,0.12792587280273438
1862,random graphs/matuszewski/k_by_10/k20/graph62.lgbin,650,0.12621259689331055
1863,random graphs/matuszewski/k_by_10/k20/graph63.lgbin,621,0.12697172164916992
1864,random graphs/matuszewski/k_by_10/k20/graph64.lgbin,631,0.13339996337890625
1865,random graphs/matuszewski/k_by_10/k20/graph65.lgbin,590,0.13028931617736816
1866,random graphs/matuszewski/k_by_10/k20/graph66.lgbin,576,0.1255490779876709
1867,random graphs/matuszewski/k_by_10/k20/graph67.lgbin,610,0.126878023147583
1868,random graphs/matuszewski/k_by_10/k20/graph68.lgbin,656,0.12607264518737793
1869,random graphs/matuszewski/k_by_10/k20/graph69.lgbin,625,0.12754535675048828
1870,random graphs/matuszewski/k_by_10/k20/graph70.lgbin,629,0.1267094612121582
1871,random graphs/matuszewski/k_by_10/k20/graph71.lgbin,660,0.1262955665588379
1872,random graphs/matuszewski/k_by_10/k20/graph72.lgbin,641,0.1276082992553711
1873,random graphs/matuszewski/k_by_10/k20/graph73.lgbin,647,0.12498068809509277
1874,random graphs/matuszewski/k_by_10/k20/graph74.lgbin,578,0.12581992149353027
1875,random graphs/matuszewski/k_by_10/k20/graph75.lgbin,600,0.12649822235107422
1876,random graphs/matuszewski/k_by_10/k20/graph76.lgbin,666,0.12583422660827637
1877,random graphs/matuszewski/k_by_10/k20/graph77.lgbin,600,0.1269674301147461
1878,random graphs/matuszewski/k_by_10/k20/graph78.lgbin,650,0.13037776947021484
1879,random graphs/matuszewski/k_by_10/k20/graph79.lgbin,622,0.12560462951660156
1880,random graphs/matuszewski/k_by_10/k20/graph80.lgbin,621,0.12465262413024902
1881,random graphs/matuszewski/k_by_10/k20/graph81.lgbin,631,0.1298058032989502
1882,random graphs/matuszewski/k_by_10/k20/graph82.lgbin,607,0.1280231475830078
1883,random graphs/matuszewski/k_by_10/k20/graph83.lgbin,708,0.12934112548828125
1884,random graphs/matuszewski/k_by_10/k20/graph84.lgbin,684,0.12790632247924805
1885,random graphs/matuszewski/k_by_10/k20/graph85.lgbin,635,0.12717866897583008
1886,random graphs/matuszewski/k_by_10/k20/graph86.lgbin,609,0.1262967586517334
1887,random graphs/matuszewski/k_by_10/k20/graph87.lgbin,607,0.12560701370239258
1888,random graphs/matuszewski/k_by_10/k20/graph88.lgbin,581,0.12701058387756348
1889,random graphs/matuszewski/k_by_10/k20/graph89.lgbin,668,0.13061308860778809
1890,random graphs/matuszewski/k_by_10/k20/graph90.lgbin,692,0.1264209747314453
1891,random graphs/matuszewski/k_by_10/k20/graph91.lgbin,676,0.1258561611175537
1892,random graphs/matuszewski/k_by_10/k20/graph92.lgbin,626,0.12723493576049805
1893,random graphs/matuszewski/k_by_10/k20/graph93.lgbin,622,0.13330793380737305
1894,random graphs/matuszewski/k_by_10/k20/graph94.lgbin,580,0.13196325302124023
1895,random graphs/matuszewski/k_by_10/k20/graph95.lgbin,683,0.12852215766906738
1896,random graphs/matuszewski/k_by_10/k20/graph96.lgbin,733,0.13032245635986328
1897,random graphs/matuszewski/k_by_10/k20/graph97.lgbin,681,0.12857508659362793
1898,random graphs/matuszewski/k_by_10/k20/graph98.lgbin,639,0.1255195140838623
1899,random graphs/matuszewski/k_by_10/k20/graph99.lgbin,644,0.12691211700439453
1900,random graphs/matuszewski/k_by_10/k21/graph0.lgbin,687,0.13304471969604492
1901,random graphs/matuszewski/k_by_10/k21/graph1.lgbin,693,0.1316368579864502
1902,random graphs/matuszewski/k_by_10/k21/graph2.lgbin,696,0.1350853443145752
1903,random graphs/matuszewski/k_by_10/k21/graph3.lgbin,738,0.13484740257263184
1904,random graphs/matuszewski/k_by_10/k21/graph4.lgbin,663,0.13381600379943848
1905,random graphs/matuszewski/k_by_10/k21/graph5.lgbin,666,0.13507914543151855
1906,random graphs/matuszewski/k_by_10/k21/graph6.lgbin,737,0.1343686580657959
1907,random graphs/matuszewski/k_by_10/k21/graph7.lgbin,646,0.14067602157592773
1908,random graphs/matuszewski/k_by_10/k21/graph8.lgbin,641,0.14126157760620117
1909,random graphs/matuszewski/k_by_10/k21/graph9.lgbin,643,0.13977575302124023
1910,random graphs/matuszewski/k_by_10/k21/graph10.lgbin,725,0.14296770095825195
1911,random graphs/matuszewski/k_by_10/k21/graph11.lgbin,725,0.13985872268676758
1912,random graphs/matuszewski/k_by_10/k21/graph12.lgbin,689,0.14368152618408203
1913,random graphs/matuszewski/k_by_10/k21/graph13.lgbin,664,0.13861417770385742
1914,random graphs/matuszewski/k_by_10/k21/graph14.lgbin,683,0.14269757270812988
1915,random graphs/matuszewski/k_by_10/k21/graph15.lgbin,675,0.13904953002929688
1916,random graphs/matuszewski/k_by_10/k21/graph16.lgbin,696,0.13929247856140137
1917,random graphs/matuszewski/k_by_10/k21/graph17.lgbin,705,0.14461159706115723
1918,random graphs/matuszewski/k_by_10/k21/graph18.lgbin,700,0.14147019386291504
1919,random graphs/matuszewski/k_by_10/k21/graph19.lgbin,688,0.14029216766357422
1920,random graphs/matuszewski/k_by_10/k21/graph20.lgbin,660,0.1397230625152588
1921,random graphs/matuszewski/k_by_10/k21/graph21.lgbin,665,0.1410965919494629
1922,random graphs/matuszewski/k_by_10/k21/graph22.lgbin,643,0.14199614524841309
1923,random graphs/matuszewski/k_by_10/k21/graph23.lgbin,651,0.1449134349822998
1924,random graphs/matuszewski/k_by_10/k21/graph24.lgbin,684,0.1405010223388672
1925,random graphs/matuszewski/k_by_10/k21/graph25.lgbin,640,0.13464927673339844
1926,random graphs/matuszewski/k_by_10/k21/graph26.lgbin,646,0.14344215393066406
1927,random graphs/matuszewski/k_by_10/k21/graph27.lgbin,632,0.1396026611328125
1928,random graphs/matuszewski/k_by_10/k21/graph28.lgbin,705,0.1452035903930664
1929,random graphs/matuszewski/k_by_10/k21/graph29.lgbin,647,0.13759922981262207
1930,random graphs/matuszewski/k_by_10/k21/graph30.lgbin,692,0.1387178897857666
1931,random graphs/matuszewski/k_by_10/k21/graph31.lgbin,615,0.14120149612426758
1932,random graphs/matuszewski/k_by_10/k21/graph32.lgbin,664,0.13919782638549805
1933,random graphs/matuszewski/k_by_10/k21/graph33.lgbin,681,0.14014673233032227
1934,random graphs/matuszewski/k_by_10/k21/graph34.lgbin,655,0.14035964012145996
1935,random graphs/matuszewski/k_by_10/k21/graph35.lgbin,720,0.1379685401916504
1936,random graphs/matuszewski/k_by_10/k21/graph36.lgbin,700,0.14268827438354492
1937,random graphs/matuszewski/k_by_10/k21/graph37.lgbin,636,0.14025163650512695
1938,random graphs/matuszewski/k_by_10/k21/graph38.lgbin,640,0.1341233253479004
1939,random graphs/matuszewski/k_by_10/k21/graph39.lgbin,646,0.13332247734069824
1940,random graphs/matuszewski/k_by_10/k21/graph40.lgbin,651,0.13221955299377441
1941,random graphs/matuszewski/k_by_10/k21/graph41.lgbin,695,0.12882041931152344
1942,random graphs/matuszewski/k_by_10/k21/graph42.lgbin,652,0.12715625762939453
1943,random graphs/matuszewski/k_by_10/k21/graph43.lgbin,631,0.12888813018798828
1944,random graphs/matuszewski/k_by_10/k21/graph44.lgbin,682,0.13042664527893066
1945,random graphs/matuszewski/k_by_10/k21/graph45.lgbin,751,0.13261103630065918
1946,random graphs/matuszewski/k_by_10/k21/graph46.lgbin,651,0.13146090507507324
1947,random graphs/matuszewski/k_by_10/k21/graph47.lgbin,701,0.12963080406188965
1948,random graphs/matuszewski/k_by_10/k21/graph48.lgbin,636,0.12763571739196777
1949,random graphs/matuszewski/k_by_10/k21/graph49.lgbin,700,0.1313624382019043
1950,random graphs/matuszewski/k_by_10/k21/graph50.lgbin,713,0.12702369689941406
1951,random graphs/matuszewski/k_by_10/k21/graph51.lgbin,681,0.1274552345275879
1952,random graphs/matuszewski/k_by_10/k21/graph52.lgbin,671,0.1285550594329834
1953,random graphs/matuszewski/k_by_10/k21/graph53.lgbin,672,0.1292707920074463
1954,random graphs/matuszewski/k_by_10/k21/graph54.lgbin,627,0.12677264213562012
1955,random graphs/matuszewski/k_by_10/k21/graph55.lgbin,674,0.13175249099731445
1956,random graphs/matuszewski/k_by_10/k21/graph56.lgbin,708,0.1287519931793213
1957,random graphs/matuszewski/k_by_10/k21/graph57.lgbin,677,0.12833285331726074
1958,random graphs/matuszewski/k_by_10/k21/graph58.lgbin,598,0.12640738487243652
1959,random graphs/matuszewski/k_by_10/k21/graph59.lgbin,629,0.12937283515930176
1960,random graphs/matuszewski/k_by_10/k21/graph60.lgbin,698,0.12788105010986328
1961,random graphs/matuszewski/k_by_10/k21/graph61.lgbin,651,0.12657785415649414
1962,random graphs/matuszewski/k_by_10/k21/graph62.lgbin,745,0.1305372714996338
1963,random graphs/matuszewski/k_by_10/k21/graph63.lgbin,715,0.13194799423217773
1964,random graphs/matuszewski/k_by_10/k21/graph64.lgbin,714,0.1341102123260498
1965,random graphs/matuszewski/k_by_10/k21/graph65.lgbin,704,0.12849092483520508
1966,random graphs/matuszewski/k_by_10/k21/graph66.lgbin,612,0.12946677207946777
1967,random graphs/matuszewski/k_by_10/k21/graph67.lgbin,596,0.13419485092163086
1968,random graphs/matuszewski/k_by_10/k21/graph68.lgbin,677,0.1271510124206543
1969,random graphs/matuszewski/k_by_10/k21/graph69.lgbin,723,0.13068032264709473
1970,random graphs/matuszewski/k_by_10/k21/graph70.lgbin,676,0.12675166130065918
1971,random graphs/matuszewski/k_by_10/k21/graph71.lgbin,655,0.13255739212036133
1972,random graphs/matuszewski/k_by_10/k21/graph72.lgbin,689,0.12729597091674805
1973,random graphs/matuszewski/k_by_10/k21/graph73.lgbin,657,0.12772321701049805
1974,random graphs/matuszewski/k_by_10/k21/graph74.lgbin,663,0.12669634819030762
1975,random graphs/matuszewski/k_by_10/k21/graph75.lgbin,768,0.12956023216247559
1976,random graphs/matuszewski/k_by_10/k21/graph76.lgbin,652,0.12761807441711426
1977,random graphs/matuszewski/k_by_10/k21/graph77.lgbin,697,0.12662410736083984
1978,random graphs/matuszewski/k_by_10/k21/graph78.lgbin,682,0.1312425136566162
1979,random graphs/matuszewski/k_by_10/k21/graph79.lgbin,647,0.13324999809265137
1980,random graphs/matuszewski/k_by_10/k21/graph80.lgbin,643,0.1366736888885498
1981,random graphs/matuszewski/k_by_10/k21/graph81.lgbin,669,0.13191628456115723
1982,random graphs/matuszewski/k_by_10/k21/graph82.lgbin,682,0.13350462913513184
1983,random graphs/matuszewski/k_by_10/k21/graph83.lgbin,681,0.1324901580810547
1984,random graphs/matuszewski/k_by_10/k21/graph84.lgbin,634,0.13138413429260254
1985,random graphs/matuszewski/k_by_10/k21/graph85.lgbin,668,0.13208556175231934
1986,random graphs/matuszewski/k_by_10/k21/graph86.lgbin,693,0.13232731819152832
1987,random graphs/matuszewski/k_by_10/k21/graph87.lgbin,622,0.13315892219543457
1988,random graphs/matuszewski/k_by_10/k21/graph88.lgbin,673,0.13400602340698242
1989,random graphs/matuszewski/k_by_10/k21/graph89.lgbin,703,0.13641667366027832
1990,random graphs/matuszewski/k_by_10/k21/graph90.lgbin,679,0.13341355323791504
1991,random graphs/matuszewski/k_by_10/k21/graph91.lgbin,703,0.13584446907043457
1992,random graphs/matuszewski/k_by_10/k21/graph92.lgbin,683,0.13309693336486816
1993,random graphs/matuszewski/k_by_10/k21/graph93.lgbin,695,0.13295817375183105
1994,random graphs/matuszewski/k_by_10/k21/graph94.lgbin,675,0.13250732421875
1995,random graphs/matuszewski/k_by_10/k21/graph95.lgbin,699,0.13497591018676758
1996,random graphs/matuszewski/k_by_10/k21/graph96.lgbin,661,0.13465380668640137
1997,random graphs/matuszewski/k_by_10/k21/graph97.lgbin,674,0.13938355445861816
1998,random graphs/matuszewski/k_by_10/k21/graph98.lgbin,701,0.13555693626403809
1999,random graphs/matuszewski/k_by_10/k21/graph99.lgbin,677,0.13359570503234863
2000,random graphs/matuszewski/k_by_10/k22/graph0.lgbin,660,0.14080190658569336
2001,random graphs/matuszewski/k_by_10/k22/graph1.lgbin,699,0.13870573043823242
2002,random graphs/matuszewski/k_by_10/k22/graph2.lgbin,795,0.13870811462402344
2003,random graphs/matuszewski/k_by_10/k22/graph3.lgbin,715,0.13866925239562988
2004,random graphs/matuszewski/k_by_10/k22/graph4.lgbin,710,0.13749003410339355
2005,random graphs/matuszewski/k_by_10/k22/graph5.lgbin,664,0.1400923728942871
2006,random graphs/matuszewski/k_by_10/k22/graph6.lgbin,770,0.1407337188720703
2007,random graphs/matuszewski/k_by_10/k22/graph7.lgbin,713,0.13981223106384277
2008,random graphs/matuszewski/k_by_10/k22/graph8.lgbin,672,0.13886404037475586
2009,random graphs/matuszewski/k_by_10/k22/graph9.lgbin,737,0.14030098915100098
2010,random graphs/matuszewski/k_by_10/k22/graph10.lgbin,697,0.1570301055908203
2011,random graphs/matuszewski/k_by_10/k22/graph11.lgbin,716,0.1392829418182373
2012,random graphs/matuszewski/k_by_10/k22/graph12.lgbin,769,0.14165019989013672
2013,random graphs/matuszewski/k_by_10/k22/graph13.lgbin,651,0.13839125633239746
2014,random graphs/matuszewski/k_by_10/k22/graph14.lgbin,749,0.13976812362670898
2015,random graphs/matuszewski/k_by_10/k22/graph15.lgbin,650,0.14064645767211914
2016,random graphs/matuszewski/k_by_10/k22/graph16.lgbin,730,0.14178943634033203
2017,random graphs/matuszewski/k_by_10/k22/graph17.lgbin,763,0.14090967178344727
2018,random graphs/matuszewski/k_by_10/k22/graph18.lgbin,741,0.1369621753692627
2019,random graphs/matuszewski/k_by_10/k22/graph19.lgbin,734,0.13901972770690918
2020,random graphs/matuszewski/k_by_10/k22/graph20.lgbin,702,0.1412665843963623
2021,random graphs/matuszewski/k_by_10/k22/graph21.lgbin,702,0.14166569709777832
2022,random graphs/matuszewski/k_by_10/k22/graph22.lgbin,732,0.14009594917297363
2023,random graphs/matuszewski/k_by_10/k22/graph23.lgbin,772,0.13966751098632812
2024,random graphs/matuszewski/k_by_10/k22/graph24.lgbin,710,0.1397688388824463
2025,random graphs/matuszewski/k_by_10/k22/graph25.lgbin,651,0.14060449600219727
2026,random graphs/matuszewski/k_by_10/k22/graph26.lgbin,702,0.1385352611541748
2027,random graphs/matuszewski/k_by_10/k22/graph27.lgbin,757,0.14008641242980957
2028,random graphs/matuszewski/k_by_10/k22/graph28.lgbin,690,0.13755273818969727
2029,random graphs/matuszewski/k_by_10/k22/graph29.lgbin,748,0.14040112495422363
2030,random graphs/matuszewski/k_by_10/k22/graph30.lgbin,731,0.1469285488128662
2031,random graphs/matuszewski/k_by_10/k22/graph31.lgbin,721,0.13933467864990234
2032,random graphs/matuszewski/k_by_10/k22/graph32.lgbin,696,0.13927578926086426
2033,random graphs/matuszewski/k_by_10/k22/graph33.lgbin,763,0.14277243614196777
2034,random graphs/matuszewski/k_by_10/k22/graph34.lgbin,777,0.14188694953918457
2035,random graphs/matuszewski/k_by_10/k22/graph35.lgbin,708,0.1458594799041748
2036,random graphs/matuszewski/k_by_10/k22/graph36.lgbin,759,0.14450812339782715
2037,random graphs/matuszewski/k_by_10/k22/graph37.lgbin,682,0.14139223098754883
2038,random graphs/matuszewski/k_by_10/k22/graph38.lgbin,667,0.13779735565185547
2039,random graphs/matuszewski/k_by_10/k22/graph39.lgbin,670,0.13881921768188477
2040,random graphs/matuszewski/k_by_10/k22/graph40.lgbin,694,0.14234137535095215
2041,random graphs/matuszewski/k_by_10/k22/graph41.lgbin,763,0.13856101036071777
2042,random graphs/matuszewski/k_by_10/k22/graph42.lgbin,791,0.14554309844970703
2043,random graphs/matuszewski/k_by_10/k22/graph43.lgbin,680,0.15306401252746582
2044,random graphs/matuszewski/k_by_10/k22/graph44.lgbin,669,0.14697527885437012
2045,random graphs/matuszewski/k_by_10/k22/graph45.lgbin,675,0.1472303867340088
2046,random graphs/matuszewski/k_by_10/k22/graph46.lgbin,734,0.13903260231018066
2047,random graphs/matuszewski/k_by_10/k22/graph47.lgbin,736,0.14336037635803223
2048,random graphs/matuszewski/k_by_10/k22/graph48.lgbin,711,0.1381080150604248
2049,random graphs/matuszewski/k_by_10/k22/graph49.lgbin,813,0.14476752281188965
2050,random graphs/matuszewski/k_by_10/k22/graph50.lgbin,651,0.13890790939331055
2051,random graphs/matuszewski/k_by_10/k22/graph51.lgbin,684,0.14237189292907715
2052,random graphs/matuszewski/k_by_10/k22/graph52.lgbin,788,0.14702939987182617
2053,random graphs/matuszewski/k_by_10/k22/graph53.lgbin,650,0.138641357421875
2054,random graphs/matuszewski/k_by_10/k22/graph54.lgbin,743,0.1413867473602295
2055,random graphs/matuszewski/k_by_10/k22/graph55.lgbin,682,0.1396479606628418
2056,random graphs/matuszewski/k_by_10/k22/graph56.lgbin,708,0.14294052124023438
2057,random graphs/matuszewski/k_by_10/k22/graph57.lgbin,671,0.14263391494750977
2058,random graphs/matuszewski/k_by_10/k22/graph58.lgbin,706,0.14227938652038574
2059,random graphs/matuszewski/k_by_10/k22/graph59.lgbin,789,0.14306068420410156
2060,random graphs/matuszewski/k_by_10/k22/graph60.lgbin,679,0.14148259162902832
2061,random graphs/matuszewski/k_by_10/k22/graph61.lgbin,783,0.13924741744995117
2062,random graphs/matuszewski/k_by_10/k22/graph62.lgbin,667,0.1421804428100586
2063,random graphs/matuszewski/k_by_10/k22/graph63.lgbin,741,0.14624452590942383
2064,random graphs/matuszewski/k_by_10/k22/graph64.lgbin,762,0.14646625518798828
2065,random graphs/matuszewski/k_by_10/k22/graph65.lgbin,701,0.14046573638916016
2066,random graphs/matuszewski/k_by_10/k22/graph66.lgbin,702,0.14102530479431152
2067,random graphs/matuszewski/k_by_10/k22/graph67.lgbin,680,0.14084267616271973
2068,random graphs/matuszewski/k_by_10/k22/graph68.lgbin,706,0.1391620635986328
2069,random graphs/matuszewski/k_by_10/k22/graph69.lgbin,694,0.1445772647857666
2070,random graphs/matuszewski/k_by_10/k22/graph70.lgbin,754,0.14066839218139648
2071,random graphs/matuszewski/k_by_10/k22/graph71.lgbin,716,0.1399681568145752
2072,random graphs/matuszewski/k_by_10/k22/graph72.lgbin,741,0.1403045654296875
2073,random graphs/matuszewski/k_by_10/k22/graph73.lgbin,725,0.14278483390808105
2074,random graphs/matuszewski/k_by_10/k22/graph74.lgbin,688,0.14219903945922852
2075,random graphs/matuszewski/k_by_10/k22/graph75.lgbin,676,0.14244413375854492
2076,random graphs/matuszewski/k_by_10/k22/graph76.lgbin,652,0.1414623260498047
2077,random graphs/matuszewski/k_by_10/k22/graph77.lgbin,671,0.13893389701843262
2078,random graphs/matuszewski/k_by_10/k22/graph78.lgbin,716,0.14179110527038574
2079,random graphs/matuszewski/k_by_10/k22/graph79.lgbin,683,0.14174389839172363
2080,random graphs/matuszewski/k_by_10/k22/graph80.lgbin,705,0.14784574508666992
2081,random graphs/matuszewski/k_by_10/k22/graph81.lgbin,699,0.14247822761535645
2082,random graphs/matuszewski/k_by_10/k22/graph82.lgbin,729,0.1387956142425537
2083,random graphs/matuszewski/k_by_10/k22/graph83.lgbin,715,0.13891243934631348
2084,random graphs/matuszewski/k_by_10/k22/graph84.lgbin,740,0.1378037929534912
2085,random graphs/matuszewski/k_by_10/k22/graph85.lgbin,684,0.14159774780273438
2086,random graphs/matuszewski/k_by_10/k22/graph86.lgbin,704,0.13898897171020508
2087,random graphs/matuszewski/k_by_10/k22/graph87.lgbin,742,0.14227056503295898
2088,random graphs/matuszewski/k_by_10/k22/graph88.lgbin,746,0.1633312702178955
2089,random graphs/matuszewski/k_by_10/k22/graph89.lgbin,794,0.14497637748718262
2090,random graphs/matuszewski/k_by_10/k22/graph90.lgbin,724,0.14077496528625488
2091,random graphs/matuszewski/k_by_10/k22/graph91.lgbin,757,0.14040136337280273
2092,random graphs/matuszewski/k_by_10/k22/graph92.lgbin,767,0.14244818687438965
2093,random graphs/matuszewski/k_by_10/k22/graph93.lgbin,738,0.14183330535888672
2094,random graphs/matuszewski/k_by_10/k22/graph94.lgbin,612,0.13942289352416992
2095,random graphs/matuszewski/k_by_10/k22/graph95.lgbin,779,0.1422264575958252
2096,random graphs/matuszewski/k_by_10/k22/graph96.lgbin,667,0.1392679214477539
2097,random graphs/matuszewski/k_by_10/k22/graph97.lgbin,733,0.13975906372070312
2098,random graphs/matuszewski/k_by_10/k22/graph98.lgbin,656,0.13918542861938477
2099,random graphs/matuszewski/k_by_10/k22/graph99.lgbin,703,0.14105486869812012
2100,random graphs/matuszewski/k_by_10/k23/graph0.lgbin,752,0.1520071029663086
2101,random graphs/matuszewski/k_by_10/k23/graph1.lgbin,700,0.14707660675048828
2102,random graphs/matuszewski/k_by_10/k23/graph2.lgbin,758,0.15298151969909668
2103,random graphs/matuszewski/k_by_10/k23/graph3.lgbin,771,0.14987683296203613
2104,random graphs/matuszewski/k_by_10/k23/graph4.lgbin,717,0.15154314041137695
2105,random graphs/matuszewski/k_by_10/k23/graph5.lgbin,708,0.15284347534179688
2106,random graphs/matuszewski/k_by_10/k23/graph6.lgbin,749,0.1560075283050537
2107,random graphs/matuszewski/k_by_10/k23/graph7.lgbin,755,0.15517711639404297
2108,random graphs/matuszewski/k_by_10/k23/graph8.lgbin,732,0.15173578262329102
2109,random graphs/matuszewski/k_by_10/k23/graph9.lgbin,812,0.15300488471984863
2110,random graphs/matuszewski/k_by_10/k23/graph10.lgbin,720,0.15841174125671387
2111,random graphs/matuszewski/k_by_10/k23/graph11.lgbin,673,0.15581250190734863
2112,random graphs/matuszewski/k_by_10/k23/graph12.lgbin,687,0.14810609817504883
2113,random graphs/matuszewski/k_by_10/k23/graph13.lgbin,725,0.15161490440368652
2114,random graphs/matuszewski/k_by_10/k23/graph14.lgbin,739,0.1519935131072998
2115,random graphs/matuszewski/k_by_10/k23/graph15.lgbin,696,0.1547081470489502
2116,random graphs/matuszewski/k_by_10/k23/graph16.lgbin,766,0.15862154960632324
2117,random graphs/matuszewski/k_by_10/k23/graph17.lgbin,757,0.16032791137695312
2118,random graphs/matuszewski/k_by_10/k23/graph18.lgbin,671,0.15644359588623047
2119,random graphs/matuszewski/k_by_10/k23/graph19.lgbin,745,0.15962910652160645
2120,random graphs/matuszewski/k_by_10/k23/graph20.lgbin,795,0.16645216941833496
2121,random graphs/matuszewski/k_by_10/k23/graph21.lgbin,724,0.16329431533813477
2122,random graphs/matuszewski/k_by_10/k23/graph22.lgbin,747,0.15851330757141113
2123,random graphs/matuszewski/k_by_10/k23/graph23.lgbin,734,0.16404414176940918
2124,random graphs/matuszewski/k_by_10/k23/graph24.lgbin,782,0.16171884536743164
2125,random graphs/matuszewski/k_by_10/k23/graph25.lgbin,848,0.15704870223999023
2126,random graphs/matuszewski/k_by_10/k23/graph26.lgbin,695,0.15519189834594727
2127,random graphs/matuszewski/k_by_10/k23/graph27.lgbin,635,0.1558222770690918
2128,random graphs/matuszewski/k_by_10/k23/graph28.lgbin,811,0.15730977058410645
2129,random graphs/matuszewski/k_by_10/k23/graph29.lgbin,845,0.1523146629333496
2130,random graphs/matuszewski/k_by_10/k23/graph30.lgbin,786,0.153886079788208
2131,random graphs/matuszewski/k_by_10/k23/graph31.lgbin,719,0.15673446655273438
2132,random graphs/matuszewski/k_by_10/k23/graph32.lgbin,723,0.1569826602935791
2133,random graphs/matuszewski/k_by_10/k23/graph33.lgbin,799,0.15749406814575195
2134,random graphs/matuszewski/k_by_10/k23/graph34.lgbin,749,0.15202617645263672
2135,random graphs/matuszewski/k_by_10/k23/graph35.lgbin,693,0.13925576210021973
2136,random graphs/matuszewski/k_by_10/k23/graph36.lgbin,769,0.1390378475189209
2137,random graphs/matuszewski/k_by_10/k23/graph37.lgbin,726,0.13925909996032715
2138,random graphs/matuszewski/k_by_10/k23/graph38.lgbin,786,0.1419520378112793
2139,random graphs/matuszewski/k_by_10/k23/graph39.lgbin,734,0.14848852157592773
2140,random graphs/matuszewski/k_by_10/k23/graph40.lgbin,752,0.1482992172241211
2141,random graphs/matuszewski/k_by_10/k23/graph41.lgbin,738,0.15453362464904785
2142,random graphs/matuszewski/k_by_10/k23/graph42.lgbin,757,0.14670515060424805
2143,random graphs/matuszewski/k_by_10/k23/graph43.lgbin,759,0.1502232551574707
2144,random graphs/matuszewski/k_by_10/k23/graph44.lgbin,716,0.1450643539428711
2145,random graphs/matuszewski/k_by_10/k23/graph45.lgbin,714,0.14692211151123047
2146,random graphs/matuszewski/k_by_10/k23/graph46.lgbin,704,0.14873003959655762
2147,random graphs/matuszewski/k_by_10/k23/graph47.lgbin,733,0.15321826934814453
2148,random graphs/matuszewski/k_by_10/k23/graph48.lgbin,742,0.15201115608215332
2149,random graphs/matuszewski/k_by_10/k23/graph49.lgbin,776,0.14600467681884766
2150,random graphs/matuszewski/k_by_10/k23/graph50.lgbin,713,0.14606642723083496
2151,random graphs/matuszewski/k_by_10/k23/graph51.lgbin,776,0.14798355102539062
2152,random graphs/matuszewski/k_by_10/k23/graph52.lgbin,708,0.1481001377105713
2153,random graphs/matuszewski/k_by_10/k23/graph53.lgbin,807,0.1540074348449707
2154,random graphs/matuszewski/k_by_10/k23/graph54.lgbin,756,0.15044450759887695
2155,random graphs/matuszewski/k_by_10/k23/graph55.lgbin,754,0.1464672088623047
2156,random graphs/matuszewski/k_by_10/k23/graph56.lgbin,734,0.15096187591552734
2157,random graphs/matuszewski/k_by_10/k23/graph57.lgbin,781,0.1494770050048828
2158,random graphs/matuszewski/k_by_10/k23/graph58.lgbin,713,0.14693474769592285
2159,random graphs/matuszewski/k_by_10/k23/graph59.lgbin,768,0.14679336547851562
2160,random graphs/matuszewski/k_by_10/k23/graph60.lgbin,771,0.1472771167755127
2161,random graphs/matuszewski/k_by_10/k23/graph61.lgbin,791,0.1479935646057129
2162,random graphs/matuszewski/k_by_10/k23/graph62.lgbin,743,0.14489126205444336
2163,random graphs/matuszewski/k_by_10/k23/graph63.lgbin,781,0.14957118034362793
2164,random graphs/matuszewski/k_by_10/k23/graph64.lgbin,672,0.15203022956848145
2165,random graphs/matuszewski/k_by_10/k23/graph65.lgbin,732,0.14877867698669434
2166,random graphs/matuszewski/k_by_10/k23/graph66.lgbin,799,0.1514902114868164
2167,random graphs/matuszewski/k_by_10/k23/graph67.lgbin,772,0.15316104888916016
2168,random graphs/matuszewski/k_by_10/k23/graph68.lgbin,798,0.15171313285827637
2169,random graphs/matuszewski/k_by_10/k23/graph69.lgbin,697,0.1438143253326416
2170,random graphs/matuszewski/k_by_10/k23/graph70.lgbin,732,0.14227986335754395
2171,random graphs/matuszewski/k_by_10/k23/graph71.lgbin,692,0.13637375831604004
2172,random graphs/matuszewski/k_by_10/k23/graph72.lgbin,664,0.13773727416992188
2173,random graphs/matuszewski/k_by_10/k23/graph73.lgbin,730,0.13890767097473145
2174,random graphs/matuszewski/k_by_10/k23/graph74.lgbin,792,0.1394510269165039
2175,random graphs/matuszewski/k_by_10/k23/graph75.lgbin,780,0.13904428482055664
2176,random graphs/matuszewski/k_by_10/k23/graph76.lgbin,688,0.13805818557739258
2177,random graphs/matuszewski/k_by_10/k23/graph77.lgbin,792,0.14412569999694824
2178,random graphs/matuszewski/k_by_10/k23/graph78.lgbin,723,0.13961172103881836
2179,random graphs/matuszewski/k_by_10/k23/graph79.lgbin,747,0.1396176815032959
2180,random graphs/matuszewski/k_by_10/k23/graph80.lgbin,715,0.14319157600402832
2181,random graphs/matuszewski/k_by_10/k23/graph81.lgbin,792,0.14087677001953125
2182,random graphs/matuszewski/k_by_10/k23/graph82.lgbin,770,0.13864803314208984
2183,random graphs/matuszewski/k_by_10/k23/graph83.lgbin,799,0.13895750045776367
2184,random graphs/matuszewski/k_by_10/k23/graph84.lgbin,783,0.14971923828125
2185,random graphs/matuszewski/k_by_10/k23/graph85.lgbin,743,0.14020490646362305
2186,random graphs/matuszewski/k_by_10/k23/graph86.lgbin,748,0.13897371292114258
2187,random graphs/matuszewski/k_by_10/k23/graph87.lgbin,727,0.1410055160522461
2188,random graphs/matuszewski/k_by_10/k23/graph88.lgbin,686,0.13969683647155762
2189,random graphs/matuszewski/k_by_10/k23/graph89.lgbin,733,0.13909554481506348
2190,random graphs/matuszewski/k_by_10/k23/graph90.lgbin,702,0.13688182830810547
2191,random graphs/matuszewski/k_by_10/k23/graph91.lgbin,814,0.1424858570098877
2192,random graphs/matuszewski/k_by_10/k23/graph92.lgbin,703,0.13959765434265137
2193,random graphs/matuszewski/k_by_10/k23/graph93.lgbin,798,0.14322304725646973
2194,random graphs/matuszewski/k_by_10/k23/graph94.lgbin,726,0.14425086975097656
2195,random graphs/matuszewski/k_by_10/k23/graph95.lgbin,740,0.14673590660095215
2196,random graphs/matuszewski/k_by_10/k23/graph96.lgbin,742,0.1510167121887207
2197,random graphs/matuszewski/k_by_10/k23/graph97.lgbin,704,0.1496133804321289
2198,random graphs/matuszewski/k_by_10/k23/graph98.lgbin,696,0.14785337448120117
2199,random graphs/matuszewski/k_by_10/k23/graph99.lgbin,753,0.1500711441040039
2200,random graphs/matuszewski/k_by_10/k24/graph0.lgbin,752,0.1583881378173828
2201,random graphs/matuszewski/k_by_10/k24/graph1.lgbin,856,0.1598529815673828
2202,random graphs/matuszewski/k_by_10/k24/graph2.lgbin,705,0.15725016593933105
2203,random graphs/matuszewski/k_by_10/k24/graph3.lgbin,705,0.14409399032592773
2204,random graphs/matuszewski/k_by_10/k24/graph4.lgbin,798,0.15018963813781738
2205,random graphs/matuszewski/k_by_10/k24/graph5.lgbin,711,0.1434619426727295
2206,random graphs/matuszewski/k_by_10/k24/graph6.lgbin,721,0.14423775672912598
2207,random graphs/matuszewski/k_by_10/k24/graph7.lgbin,792,0.14491820335388184
2208,random graphs/matuszewski/k_by_10/k24/graph8.lgbin,784,0.14438629150390625
2209,random graphs/matuszewski/k_by_10/k24/graph9.lgbin,803,0.14506745338439941
2210,random graphs/matuszewski/k_by_10/k24/graph10.lgbin,759,0.14581012725830078
2211,random graphs/matuszewski/k_by_10/k24/graph11.lgbin,818,0.1465320587158203
2212,random graphs/matuszewski/k_by_10/k24/graph12.lgbin,753,0.1431560516357422
2213,random graphs/matuszewski/k_by_10/k24/graph13.lgbin,774,0.14852380752563477
2214,random graphs/matuszewski/k_by_10/k24/graph14.lgbin,746,0.14550542831420898
2215,random graphs/matuszewski/k_by_10/k24/graph15.lgbin,786,0.14321470260620117
2216,random graphs/matuszewski/k_by_10/k24/graph16.lgbin,765,0.1446986198425293
2217,random graphs/matuszewski/k_by_10/k24/graph17.lgbin,867,0.15002918243408203
2218,random graphs/matuszewski/k_by_10/k24/graph18.lgbin,820,0.14893794059753418
2219,random graphs/matuszewski/k_by_10/k24/graph19.lgbin,780,0.14353656768798828
2220,random graphs/matuszewski/k_by_10/k24/graph20.lgbin,799,0.14551234245300293
2221,random graphs/matuszewski/k_by_10/k24/graph21.lgbin,825,0.14583444595336914
2222,random graphs/matuszewski/k_by_10/k24/graph22.lgbin,759,0.1437828540802002
2223,random graphs/matuszewski/k_by_10/k24/graph23.lgbin,834,0.14491605758666992
2224,random graphs/matuszewski/k_by_10/k24/graph24.lgbin,799,0.14446020126342773
2225,random graphs/matuszewski/k_by_10/k24/graph25.lgbin,778,0.14466381072998047
2226,random graphs/matuszewski/k_by_10/k24/graph26.lgbin,831,0.14588236808776855
2227,random graphs/matuszewski/k_by_10/k24/graph27.lgbin,820,0.14650893211364746
2228,random graphs/matuszewski/k_by_10/k24/graph28.lgbin,783,0.14480328559875488
2229,random graphs/matuszewski/k_by_10/k24/graph29.lgbin,768,0.14246582984924316
2230,random graphs/matuszewski/k_by_10/k24/graph30.lgbin,834,0.1546030044555664
2231,random graphs/matuszewski/k_by_10/k24/graph31.lgbin,801,0.1537013053894043
2232,random graphs/matuszewski/k_by_10/k24/graph32.lgbin,829,0.15105295181274414
2233,random graphs/matuszewski/k_by_10/k24/graph33.lgbin,804,0.1463792324066162
2234,random graphs/matuszewski/k_by_10/k24/graph34.lgbin,821,0.1464250087738037
2235,random graphs/matuszewski/k_by_10/k24/graph35.lgbin,804,0.14567112922668457
2236,random graphs/matuszewski/k_by_10/k24/graph36.lgbin,817,0.14999794960021973
2237,random graphs/matuszewski/k_by_10/k24/graph37.lgbin,721,0.1462559700012207
2238,random graphs/matuszewski/k_by_10/k24/graph38.lgbin,778,0.14870882034301758
2239,random graphs/matuszewski/k_by_10/k24/graph39.lgbin,786,0.14270424842834473
2240,random graphs/matuszewski/k_by_10/k24/graph40.lgbin,753,0.1479480266571045
2241,random graphs/matuszewski/k_by_10/k24/graph41.lgbin,806,0.14641261100769043
2242,random graphs/matuszewski/k_by_10/k24/graph42.lgbin,846,0.1452169418334961
2243,random graphs/matuszewski/k_by_10/k24/graph43.lgbin,832,0.14840459823608398
2244,random graphs/matuszewski/k_by_10/k24/graph44.lgbin,809,0.14586281776428223
2245,random graphs/matuszewski/k_by_10/k24/graph45.lgbin,783,0.1458723545074463
2246,random graphs/matuszewski/k_by_10/k24/graph46.lgbin,764,0.14472270011901855
2247,random graphs/matuszewski/k_by_10/k24/graph47.lgbin,717,0.14688444137573242
2248,random graphs/matuszewski/k_by_10/k24/graph48.lgbin,759,0.1437215805053711
2249,random graphs/matuszewski/k_by_10/k24/graph49.lgbin,814,0.14291119575500488
2250,random graphs/matuszewski/k_by_10/k24/graph50.lgbin,798,0.14608407020568848
2251,random graphs/matuszewski/k_by_10/k24/graph51.lgbin,795,0.1455974578857422
2252,random graphs/matuszewski/k_by_10/k24/graph52.lgbin,690,0.14452385902404785
2253,random graphs/matuszewski/k_by_10/k24/graph53.lgbin,768,0.15052270889282227
2254,random graphs/matuszewski/k_by_10/k24/graph54.lgbin,748,0.1457376480102539
2255,random graphs/matuszewski/k_by_10/k24/graph55.lgbin,771,0.14385628700256348
2256,random graphs/matuszewski/k_by_10/k24/graph56.lgbin,815,0.14717841148376465
2257,random graphs/matuszewski/k_by_10/k24/graph57.lgbin,799,0.1488323211669922
2258,random graphs/matuszewski/k_by_10/k24/graph58.lgbin,721,0.14648962020874023
2259,random graphs/matuszewski/k_by_10/k24/graph59.lgbin,839,0.14581012725830078
2260,random graphs/matuszewski/k_by_10/k24/graph60.lgbin,763,0.14882493019104004
2261,random graphs/matuszewski/k_by_10/k24/graph61.lgbin,717,0.1447131633758545
2262,random graphs/matuszewski/k_by_10/k24/graph62.lgbin,769,0.1467742919921875
2263,random graphs/matuszewski/k_by_10/k24/graph63.lgbin,746,0.14656424522399902
2264,random graphs/matuszewski/k_by_10/k24/graph64.lgbin,705,0.14557337760925293
2265,random graphs/matuszewski/k_by_10/k24/graph65.lgbin,754,0.14495325088500977
2266,random graphs/matuszewski/k_by_10/k24/graph66.lgbin,859,0.1509718894958496
2267,random graphs/matuszewski/k_by_10/k24/graph67.lgbin,737,0.14754366874694824
2268,random graphs/matuszewski/k_by_10/k24/graph68.lgbin,690,0.14473533630371094
2269,random graphs/matuszewski/k_by_10/k24/graph69.lgbin,745,0.14673399925231934
2270,random graphs/matuszewski/k_by_10/k24/graph70.lgbin,744,0.14652681350708008
2271,random graphs/matuszewski/k_by_10/k24/graph71.lgbin,803,0.14714598655700684
2272,random graphs/matuszewski/k_by_10/k24/graph72.lgbin,782,0.14653301239013672
2273,random graphs/matuszewski/k_by_10/k24/graph73.lgbin,812,0.1479322910308838
2274,random graphs/matuszewski/k_by_10/k24/graph74.lgbin,729,0.14557862281799316
2275,random graphs/matuszewski/k_by_10/k24/graph75.lgbin,716,0.1444382667541504
2276,random graphs/matuszewski/k_by_10/k24/graph76.lgbin,830,0.14858150482177734
2277,random graphs/matuszewski/k_by_10/k24/graph77.lgbin,908,0.1541578769683838
2278,random graphs/matuszewski/k_by_10/k24/graph78.lgbin,780,0.14842700958251953
2279,random graphs/matuszewski/k_by_10/k24/graph79.lgbin,782,0.14593863487243652
2280,random graphs/matuszewski/k_by_10/k24/graph80.lgbin,771,0.14988446235656738
2281,random graphs/matuszewski/k_by_10/k24/graph81.lgbin,854,0.14940643310546875
2282,random graphs/matuszewski/k_by_10/k24/graph82.lgbin,766,0.14631390571594238
2283,random graphs/matuszewski/k_by_10/k24/graph83.lgbin,779,0.14796900749206543
2284,random graphs/matuszewski/k_by_10/k24/graph84.lgbin,780,0.14742803573608398
2285,random graphs/matuszewski/k_by_10/k24/graph85.lgbin,781,0.14772605895996094
2286,random graphs/matuszewski/k_by_10/k24/graph86.lgbin,813,0.14554905891418457
2287,random graphs/matuszewski/k_by_10/k24/graph87.lgbin,765,0.14505791664123535
2288,random graphs/matuszewski/k_by_10/k24/graph88.lgbin,831,0.147261381149292
2289,random graphs/matuszewski/k_by_10/k24/graph89.lgbin,763,0.14463233947753906
2290,random graphs/matuszewski/k_by_10/k24/graph90.lgbin,928,0.14696311950683594
2291,random graphs/matuszewski/k_by_10/k24/graph91.lgbin,803,0.1483159065246582
2292,random graphs/matuszewski/k_by_10/k24/graph92.lgbin,799,0.14852619171142578
2293,random graphs/matuszewski/k_by_10/k24/graph93.lgbin,822,0.1519944667816162
2294,random graphs/matuszewski/k_by_10/k24/graph94.lgbin,805,0.15470671653747559
2295,random graphs/matuszewski/k_by_10/k24/graph95.lgbin,790,0.15877866744995117
2296,random graphs/matuszewski/k_by_10/k24/graph96.lgbin,749,0.15466809272766113
2297,random graphs/matuszewski/k_by_10/k24/graph97.lgbin,763,0.15231704711914062
2298,random graphs/matuszewski/k_by_10/k24/graph98.lgbin,754,0.14559602737426758
2299,random graphs/matuszewski/k_by_10/k24/graph99.lgbin,755,0.14723563194274902
2300,random graphs/matuszewski/k_by_10/k25/graph0.lgbin,892,0.15463018417358398
2301,random graphs/matuszewski/k_by_10/k25/graph1.lgbin,810,0.1511058807373047
2302,random graphs/matuszewski/k_by_10/k25/graph2.lgbin,698,0.15238428115844727
2303,random graphs/matuszewski/k_by_10/k25/graph3.lgbin,817,0.15436315536499023
2304,random graphs/matuszewski/k_by_10/k25/graph4.lgbin,805,0.1530303955078125
2305,random graphs/matuszewski/k_by_10/k25/graph5.lgbin,815,0.1529076099395752
2306,random graphs/matuszewski/k_by_10/k25/graph6.lgbin,881,0.15733027458190918
2307,random graphs/matuszewski/k_by_10/k25/graph7.lgbin,845,0.15575075149536133
2308,random graphs/matuszewski/k_by_10/k25/graph8.lgbin,843,0.15361952781677246
2309,random graphs/matuszewski/k_by_10/k25/graph9.lgbin,835,0.15228486061096191
2310,random graphs/matuszewski/k_by_10/k25/graph10.lgbin,877,0.1612403392791748
2311,random graphs/matuszewski/k_by_10/k25/graph11.lgbin,900,0.15947890281677246
2312,random graphs/matuszewski/k_by_10/k25/graph12.lgbin,831,0.15599727630615234
2313,random graphs/matuszewski/k_by_10/k25/graph13.lgbin,833,0.15118122100830078
2314,random graphs/matuszewski/k_by_10/k25/graph14.lgbin,888,0.1593151092529297
2315,random graphs/matuszewski/k_by_10/k25/graph15.lgbin,787,0.15010833740234375
2316,random graphs/matuszewski/k_by_10/k25/graph16.lgbin,824,0.15156865119934082
2317,random graphs/matuszewski/k_by_10/k25/graph17.lgbin,802,0.1511995792388916
2318,random graphs/matuszewski/k_by_10/k25/graph18.lgbin,846,0.15251517295837402
2319,random graphs/matuszewski/k_by_10/k25/graph19.lgbin,824,0.15079498291015625
2320,random graphs/matuszewski/k_by_10/k25/graph20.lgbin,727,0.15223217010498047
2321,random graphs/matuszewski/k_by_10/k25/graph21.lgbin,852,0.15122532844543457
2322,random graphs/matuszewski/k_by_10/k25/graph22.lgbin,803,0.1543595790863037
2323,random graphs/matuszewski/k_by_10/k25/graph23.lgbin,830,0.15349578857421875
2324,random graphs/matuszewski/k_by_10/k25/graph24.lgbin,895,0.15349388122558594
2325,random graphs/matuszewski/k_by_10/k25/graph25.lgbin,832,0.15283536911010742
2326,random graphs/matuszewski/k_by_10/k25/graph26.lgbin,758,0.1491549015045166
2327,random graphs/matuszewski/k_by_10/k25/graph27.lgbin,844,0.14997649192810059
2328,random graphs/matuszewski/k_by_10/k25/graph28.lgbin,762,0.1497654914855957
2329,random graphs/matuszewski/k_by_10/k25/graph29.lgbin,796,0.15044379234313965
2330,random graphs/matuszewski/k_by_10/k25/graph30.lgbin,859,0.1509537696838379
2331,random graphs/matuszewski/k_by_10/k25/graph31.lgbin,819,0.14906644821166992
2332,random graphs/matuszewski/k_by_10/k25/graph32.lgbin,792,0.14999055862426758
2333,random graphs/matuszewski/k_by_10/k25/graph33.lgbin,860,0.1582174301147461
2334,random graphs/matuszewski/k_by_10/k25/graph34.lgbin,773,0.15125322341918945
2335,random graphs/matuszewski/k_by_10/k25/graph35.lgbin,740,0.14915132522583008
2336,random graphs/matuszewski/k_by_10/k25/graph36.lgbin,793,0.14842510223388672
2337,random graphs/matuszewski/k_by_10/k25/graph37.lgbin,794,0.14839792251586914
2338,random graphs/matuszewski/k_by_10/k25/graph38.lgbin,834,0.14820432662963867
2339,random graphs/matuszewski/k_by_10/k25/graph39.lgbin,794,0.14876794815063477
2340,random graphs/matuszewski/k_by_10/k25/graph40.lgbin,801,0.15308094024658203
2341,random graphs/matuszewski/k_by_10/k25/graph41.lgbin,885,0.14924216270446777
2342,random graphs/matuszewski/k_by_10/k25/graph42.lgbin,729,0.1516880989074707
2343,random graphs/matuszewski/k_by_10/k25/graph43.lgbin,800,0.1501154899597168
2344,random graphs/matuszewski/k_by_10/k25/graph44.lgbin,771,0.14626741409301758
2345,random graphs/matuszewski/k_by_10/k25/graph45.lgbin,817,0.15022587776184082
2346,random graphs/matuszewski/k_by_10/k25/graph46.lgbin,819,0.15520215034484863
2347,random graphs/matuszewski/k_by_10/k25/graph47.lgbin,724,0.1466207504272461
2348,random graphs/matuszewski/k_by_10/k25/graph48.lgbin,836,0.15213632583618164
2349,random graphs/matuszewski/k_by_10/k25/graph49.lgbin,827,0.15023040771484375
2350,random graphs/matuszewski/k_by_10/k25/graph50.lgbin,802,0.14887714385986328
2351,random graphs/matuszewski/k_by_10/k25/graph51.lgbin,851,0.15309691429138184
2352,random graphs/matuszewski/k_by_10/k25/graph52.lgbin,754,0.14989900588989258
2353,random graphs/matuszewski/k_by_10/k25/graph53.lgbin,805,0.1488204002380371
2354,random graphs/matuszewski/k_by_10/k25/graph54.lgbin,795,0.14748239517211914
2355,random graphs/matuszewski/k_by_10/k25/graph55.lgbin,778,0.14911961555480957
2356,random graphs/matuszewski/k_by_10/k25/graph56.lgbin,832,0.15102934837341309
2357,random graphs/matuszewski/k_by_10/k25/graph57.lgbin,873,0.16221308708190918
2358,random graphs/matuszewski/k_by_10/k25/graph58.lgbin,848,0.15961289405822754
2359,random graphs/matuszewski/k_by_10/k25/graph59.lgbin,830,0.15781879425048828
2360,random graphs/matuszewski/k_by_10/k25/graph60.lgbin,810,0.15105509757995605
2361,random graphs/matuszewski/k_by_10/k25/graph61.lgbin,826,0.1502523422241211
2362,random graphs/matuszewski/k_by_10/k25/graph62.lgbin,758,0.14838719367980957
2363,random graphs/matuszewski/k_by_10/k25/graph63.lgbin,752,0.1493206024169922
2364,random graphs/matuszewski/k_by_10/k25/graph64.lgbin,836,0.1493067741394043
2365,random graphs/matuszewski/k_by_10/k25/graph65.lgbin,756,0.14935779571533203
2366,random graphs/matuszewski/k_by_10/k25/graph66.lgbin,850,0.15076851844787598
2367,random graphs/matuszewski/k_by_10/k25/graph67.lgbin,812,0.1510617733001709
2368,random graphs/matuszewski/k_by_10/k25/graph68.lgbin,843,0.15212297439575195
2369,random graphs/matuszewski/k_by_10/k25/graph69.lgbin,843,0.15097522735595703
2370,random graphs/matuszewski/k_by_10/k25/graph70.lgbin,777,0.14977121353149414
2371,random graphs/matuszewski/k_by_10/k25/graph71.lgbin,839,0.15179777145385742
2372,random graphs/matuszewski/k_by_10/k25/graph72.lgbin,844,0.14721274375915527
2373,random graphs/matuszewski/k_by_10/k25/graph73.lgbin,805,0.1545877456665039
2374,random graphs/matuszewski/k_by_10/k25/graph74.lgbin,907,0.15297985076904297
2375,random graphs/matuszewski/k_by_10/k25/graph75.lgbin,794,0.15004205703735352
2376,random graphs/matuszewski/k_by_10/k25/graph76.lgbin,816,0.15062260627746582
2377,random graphs/matuszewski/k_by_10/k25/graph77.lgbin,758,0.1475086212158203
2378,random graphs/matuszewski/k_by_10/k25/graph78.lgbin,794,0.14831304550170898
2379,random graphs/matuszewski/k_by_10/k25/graph79.lgbin,851,0.16061162948608398
2380,random graphs/matuszewski/k_by_10/k25/graph80.lgbin,862,0.15898466110229492
2381,random graphs/matuszewski/k_by_10/k25/graph81.lgbin,880,0.16055655479431152
2382,random graphs/matuszewski/k_by_10/k25/graph82.lgbin,768,0.15937066078186035
2383,random graphs/matuszewski/k_by_10/k25/graph83.lgbin,866,0.16241693496704102
2384,random graphs/matuszewski/k_by_10/k25/graph84.lgbin,856,0.15783095359802246
2385,random graphs/matuszewski/k_by_10/k25/graph85.lgbin,825,0.16047120094299316
2386,random graphs/matuszewski/k_by_10/k25/graph86.lgbin,822,0.162139892578125
2387,random graphs/matuszewski/k_by_10/k25/graph87.lgbin,857,0.15925121307373047
2388,random graphs/matuszewski/k_by_10/k25/graph88.lgbin,823,0.15935969352722168
2389,random graphs/matuszewski/k_by_10/k25/graph89.lgbin,892,0.16332387924194336
2390,random graphs/matuszewski/k_by_10/k25/graph90.lgbin,896,0.1609656810760498
2391,random graphs/matuszewski/k_by_10/k25/graph91.lgbin,875,0.16034674644470215
2392,random graphs/matuszewski/k_by_10/k25/graph92.lgbin,782,0.1605851650238037
2393,random graphs/matuszewski/k_by_10/k25/graph93.lgbin,784,0.1595001220703125
2394,random graphs/matuszewski/k_by_10/k25/graph94.lgbin,898,0.16147494316101074
2395,random graphs/matuszewski/k_by_10/k25/graph95.lgbin,806,0.15787196159362793
2396,random graphs/matuszewski/k_by_10/k25/graph96.lgbin,909,0.16043925285339355
2397,random graphs/matuszewski/k_by_10/k25/graph97.lgbin,818,0.15935611724853516
2398,random graphs/matuszewski/k_by_10/k25/graph98.lgbin,815,0.1586313247680664
2399,random graphs/matuszewski/k_by_10/k25/graph99.lgbin,809,0.1634657382965088
